20019
1586
115 15
122 192
102 12
90 309
58 200
93 150
85 186
33 361
103 88
102 202
32 298
34 77
70 244
93 195
131 169
111 262
134 145
44 89
86 397
47 164
138 291
140 306
136 252
121 291
76 345
112 279
109 72
90 190
93 326
83 256
137 32
67 210
104 223
146 59
76 302
144 345
105 361
35 276
83 205
122 71
131 74
39 29
61 337
55 173
128 134
129 96
87 29
112 237
146 366
90 196
133 13
120 305
146 199
89 57
134 353
117 173
82 29
141 394
130 144
118 396
138 163
142 164
112 33
135 125
31 349
59 367
142 87
69 330
120 186
73 10
35 301
116 148
113 290
94 80
131 71
39 98
111 351
150 84
71 148
147 389
103 379
52 127
104 145
146 80
117 328
115 243
131 167
119 294
52 6
117 167
142 150
145 387
66 241
30 324
60 355
130 29
31 278
147 86
130 164
117 141
50 31
131 269
78 196
103 379
122 161
148 371
98 111
66 350
106 318
94 381
69 334
138 336
74 398
127 129
40 326
75 237
50 141
101 329
108 173
89 148
83 244
114 286
82 192
73 331
60 141
82 350
82 394
103 186
144 232
131 345
59 6
139 244
117 13
63 203
97 398
80 10
123 272
73 179
48 302
134 36
53 11
105 214
100 385
45 145
129 322
53 154
148 329
84 119
39 140
107 292
37 349
44 302
45 365
67 268
43 273
146 315
112 299
136 183
93 29
146 246
38 172
113 63
107 247
42 361
127 218
53 295
119 360
51 311
53 210
73 63
147 174
79 360
40 7
110 176
145 365
87 138
97 310
60 159
59 262
53 66
39 25
150 238
56 261
121 365
49 95
135 144
37 149
146 377
137 325
137 360
119 354
128 323
43 311
38 43
53 235
63 139
69 122
133 123
135 358
52 137
87 369
131 360
35 177
150 181
146 309
75 345
119 393
71 15
105 214
99 33
122 252
49 115
70 248
48 383
65 190
75 233
132 149
35 125
129 183
66 213
108 255
138 212
90 284
58 258
147 59
131 172
142 125
107 133
64 323
49 251
57 78
40 124
53 102
136 382
40 239
95 335
79 33
131 234
85 338
40 53
96 350
50 214
37 202
93 65
121 113
82 258
70 32
104 163
112 137
74 122
129 268
65 39
63 328
146 193
80 155
119 343
84 181
136 30
49 265
116 158
63 257
106 251
91 232
72 269
86 137
42 80
90 155
125 283
140 395
127 325
73 224
32 105
143 121
128 293
77 314
35 373
90 93
75 218
116 288
132 332
145 142
124 398
99 13
134 202
33 278
39 64
66 253
118 271
35 107
30 338
118 53
62 329
140 16
131 169
77 87
119 226
114 58
112 67
78 113
144 48
135 150
115 160
52 180
74 57
75 395
76 128
145 217
136 220
48 132
46 319
103 260
69 248
133 346
129 228
30 58
43 220
90 28
74 205
120 28
132 200
102 150
122 244
62 135
30 229
128 156
145 349
91 337
84 394
60 291
70 155
123 201
40 71
127 176
137 350
136 72
117 284
47 100
136 295
61 358
125 356
73 115
65 64
111 353
92 203
85 222
106 367
106 373
99 101
148 22
46 307
90 323
39 171
106 363
81 42
30 165
85 363
30 266
104 300
139 293
113 207
121 287
73 131
111 360
124 273
139 96
141 219
116 12
131 277
42 73
91 91
110 239
99 40
127 36
77 215
33 172
45 394
108 24
33 300
129 127
108 147
114 382
109 366
92 27
140 196
66 108
34 208
132 62
40 322
150 117
96 153
42 95
52 388
38 332
107 217
57 385
109 5
133 301
121 111
150 191
90 137
142 78
146 306
117 98
55 146
65 145
90 181
46 388
138 364
65 109
31 191
150 186
107 337
135 201
58 125
140 365
90 337
125 163
74 247
67 120
149 135
119 25
138 300
111 127
77 394
108 381
61 16
105 353
121 219
129 317
53 185
130 168
62 209
145 247
144 24
70 13
101 275
71 129
79 192
99 300
62 365
91 327
95 196
149 62
131 291
96 5
85 252
88 318
32 48
72 79
36 268
49 364
129 103
101 314
115 197
61 394
57 257
135 62
112 382
61 210
92 205
85 15
62 53
77 359
57 371
74 140
132 352
83 344
75 120
33 47
130 111
119 262
48 275
132 152
135 279
44 285
98 7
74 346
77 354
48 44
84 155
47 267
66 259
45 130
109 356
31 221
36 207
106 94
99 200
61 228
138 305
143 129
55 150
68 243
78 77
136 245
146 339
82 257
146 231
129 275
112 24
31 299
88 205
150 340
93 58
137 88
66 66
110 361
66 34
103 394
63 86
146 132
60 86
137 222
140 124
42 261
133 31
65 164
102 82
83 232
81 339
33 219
45 379
69 11
53 285
147 123
101 314
70 224
119 74
101 243
45 212
54 121
92 168
147 97
110 9
102 100
33 185
149 323
125 215
56 8
84 273
107 304
65 154
37 253
46 94
34 21
55 214
130 99
89 261
77 52
81 310
132 90
132 118
149 102
89 249
73 39
134 282
122 99
70 41
139 392
119 121
89 302
104 147
106 212
45 35
104 373
75 166
122 154
127 293
41 93
39 58
134 329
120 203
79 133
55 336
57 132
135 109
88 235
74 66
71 25
55 314
49 220
109 354
77 129
141 241
118 45
76 44
87 137
123 75
133 176
96 163
146 377
73 368
149 115
107 28
117 88
101 136
39 83
47 159
99 269
88 231
97 252
114 77
107 209
95 87
93 38
55 97
99 210
67 284
49 52
144 256
94 176
50 101
42 279
31 131
142 311
103 185
100 228
50 173
78 227
132 69
117 10
30 124
39 135
57 33
143 197
126 32
62 164
135 372
77 117
37 394
82 366
139 164
35 125
58 366
150 267
40 126
56 67
147 370
70 116
57 342
141 25
124 64
59 205
132 232
42 106
78 78
148 144
33 232
75 392
42 238
90 217
30 375
57 399
89 75
133 296
61 195
141 358
119 55
80 161
79 20
96 249
56 115
56 381
101 257
38 361
50 335
129 228
79 75
145 80
47 101
31 111
59 195
83 104
115 57
42 366
121 225
133 161
126 159
139 17
80 342
124 307
78 285
129 34
93 307
63 157
96 305
111 396
78 15
33 252
135 74
142 75
36 331
33 123
120 186
57 346
45 23
118 7
31 282
124 33
61 247
131 348
55 327
74 247
150 331
70 342
42 294
82 68
44 152
52 392
91 388
128 221
38 365
118 93
118 48
72 60
63 270
58 393
124 329
142 108
77 364
79 333
75 225
66 188
145 174
77 396
31 221
97 322
120 280
75 74
109 154
65 325
150 272
145 310
45 121
57 64
127 145
48 367
70 277
141 370
103 142
94 36
39 109
70 277
93 89
91 210
70 167
77 200
69 81
66 395
70 398
108 33
68 347
58 400
86 332
123 30
131 50
34 343
140 72
125 223
101 114
49 370
134 345
39 278
130 283
66 307
66 191
146 299
66 233
50 395
99 258
121 364
58 372
83 354
128 65
61 147
54 259
140 192
58 41
114 221
141 78
58 258
113 144
100 387
82 53
101 101
84 153
110 357
60 143
126 199
36 104
86 356
89 219
61 230
149 360
87 246
51 19
131 313
48 38
137 257
98 335
32 269
118 66
55 8
102 222
63 305
57 165
64 155
102 247
39 206
30 144
39 344
90 242
47 85
93 87
55 241
64 215
109 188
96 91
119 390
47 66
70 133
36 378
117 251
72 40
53 216
79 379
58 186
102 160
135 374
93 336
148 312
69 251
86 275
46 158
36 317
74 37
131 400
87 279
80 75
92 250
69 50
131 111
88 161
82 114
147 185
113 185
83 258
115 295
98 300
46 163
130 271
63 374
47 251
61 323
106 265
140 84
94 330
55 359
100 64
129 342
137 105
132 324
112 248
63 93
96 179
120 326
39 96
105 373
104 24
129 273
129 54
53 27
130 217
126 106
143 392
54 206
97 319
75 205
82 306
110 189
76 170
101 138
110 186
139 185
72 322
64 16
123 221
81 289
147 146
111 260
116 64
147 98
141 376
69 153
32 363
39 97
77 50
102 337
104 8
129 176
138 61
131 241
126 41
115 120
108 312
42 94
30 280
92 97
125 175
117 65
93 400
121 234
132 25
104 374
149 210
142 329
55 125
67 52
111 359
123 288
141 282
41 358
102 142
57 337
109 119
90 281
149 110
65 88
133 158
79 108
47 134
39 65
138 57
135 381
127 392
51 180
80 174
95 385
93 31
93 8
115 50
57 90
99 67
108 257
51 88
104 211
132 122
122 149
122 314
117 219
75 121
87 375
38 29
117 132
118 290
111 46
82 250
75 379
75 374
94 143
85 288
72 7
141 187
75 393
81 256
88 167
102 269
81 133
66 282
59 361
109 361
62 237
47 367
51 251
123 52
61 117
146 82
100 330
80 66
99 380
48 71
58 152
76 231
133 389
71 388
149 223
82 192
31 17
100 175
115 11
62 143
147 24
110 376
88 317
70 150
111 309
138 283
42 25
69 258
59 315
80 159
34 119
68 56
146 229
70 395
98 232
49 278
88 286
63 121
131 382
64 155
41 320
126 46
128 392
50 92
71 74
143 203
53 242
52 345
51 323
99 104
146 74
84 394
41 92
136 212
145 313
53 293
150 115
35 107
62 293
50 169
104 37
47 124
93 121
51 215
108 146
58 175
99 388
106 36
129 37
83 251
140 76
136 157
95 153
52 49
70 178
60 222
120 52
119 204
129 185
130 257
97 229
113 179
81 217
33 42
63 165
38 356
59 301
80 151
133 105
124 108
138 289
109 374
60 343
116 382
97 104
88 296
109 114
44 199
112 109
68 89
45 381
117 265
46 82
42 383
40 247
141 253
61 376
66 306
146 221
41 84
94 138
112 334
97 269
99 12
130 108
62 83
147 139
109 388
66 224
53 334
117 5
56 319
115 100
92 7
106 327
136 168
137 140
146 188
72 107
56 66
33 388
123 38
49 384
93 385
80 36
53 287
94 331
121 145
80 134
87 242
91 107
125 5
108 231
35 89
63 276
119 166
109 137
97 389
62 259
50 110
87 296
140 237
127 200
143 330
113 230
82 376
100 259
139 66
43 294
54 313
116 388
112 378
37 246
128 113
132 127
96 345
45 233
133 86
56 234
96 362
82 340
116 191
120 400
65 204
90 398
80 352
62 292
119 195
104 351
80 37
84 69
143 68
147 198
79 71
110 359
65 102
77 59
47 190
121 326
147 396
128 178
48 150
54 325
89 349
143 103
95 52
105 95
102 381
137 189
121 120
38 92
37 242
96 96
142 236
141 120
38 150
112 181
108 267
49 273
126 349
142 20
94 364
58 97
121 294
140 380
134 371
147 208
148 359
41 227
61 347
83 245
45 208
73 130
42 49
141 84
80 17
83 280
83 78
126 104
51 18
119 285
85 311
102 14
54 63
113 256
55 28
140 157
84 10
89 287
133 266
82 144
90 228
147 74
52 115
139 261
131 89
60 341
96 160
101 170
141 219
49 258
89 263
72 130
87 377
70 245
31 78
67 177
134 114
100 15
59 114
59 372
66 179
75 130
43 53
77 237
123 247
124 359
95 24
80 396
103 92
127 76
83 32
114 387
144 316
142 335
48 104
148 68
60 103
150 291
118 15
44 270
126 161
36 47
32 216
30 291
104 94
127 372
119 395
67 199
91 385
39 162
80 116
62 151
38 282
56 91
35 186
91 110
77 380
65 105
47 215
148 144
77 175
53 170
67 325
33 365
142 212
73 154
84 34
97 229
99 129
119 29
67 145
111 218
63 55
109 178
116 61
89 352
46 163
150 365
139 269
91 247
114 242
134 273
136 120
40 297
50 42
91 270
140 193
98 18
94 38
43 342
74 53
87 87
105 22
146 287
127 131
40 306
115 333
100 288
57 285
31 202
128 124
30 186
119 161
135 212
56 378
46 202
133 15
69 288
36 79
62 33
131 346
131 294
37 350
99 167
37 95
146 11
142 286
55 259
101 258
73 384
135 36
120 286
35 78
140 374
75 110
142 306
125 321
34 345
88 313
38 91
53 43
86 349
34 20
57 28
55 188
53 162
138 17
79 292
44 149
80 175
148 366
76 112
44 16
108 232
129 18
137 322
52 387
79 139
88 163
107 110
116 8
80 61
130 229
85 215
134 367
53 90
45 64
136 336
115 160
99 27
47 277
36 240
54 160
79 55
37 359
139 250
77 148
73 53
101 180
76 193
106 107
54 241
91 298
87 287
117 315
95 348
106 191
101 55
138 259
89 169
34 115
95 213
59 36
70 35
130 346
71 367
140 35
55 189
62 268
98 261
65 227
126 116
108 217
150 248
113 364
150 288
104 209
71 266
92 339
114 72
90 34
47 166
89 120
89 129
49 299
44 260
44 51
41 129
80 20
83 131
132 257
83 162
46 223
146 75
92 327
34 165
39 297
129 157
141 69
94 316
144 237
112 344
61 207
143 190
73 164
136 337
39 227
31 289
74 13
45 106
147 303
146 216
52 231
91 217
108 214
36 347
126 371
37 144
66 339
60 67
94 79
122 53
137 264
89 258
63 129
57 198
136 179
124 213
100 14
122 215
75 224
61 87
53 82
107 332
147 339
109 144
49 110
108 66
119 298
37 132
97 302
74 320
58 198
62 64
69 379
47 246
111 136
129 168
57 308
127 272
148 376
111 210
37 23
54 296
95 310
84 224
38 324
53 273
80 168
124 288
149 223
142 88
141 26
88 66
127 123
96 252
83 341
72 189
40 47
66 325
144 28
38 159
46 33
62 191
36 25
95 390
70 108
150 264
126 6
138 322
68 148
54 92
148 306
140 399
126 292
84 191
59 200
114 370
139 138
148 122
135 268
147 288
103 66
41 233
142 231
135 331
55 335
141 161
100 151
128 272
78 5
121 293
40 133
82 71
139 325
101 238
38 387
121 68
140 270
68 184
118 398
37 211
37 348
59 84
76 223
111 232
103 382
92 305
116 282
133 127
46 83
125 215
76 157
107 371
107 145
118 278
64 271
140 13
83 273
69 378
65 230
111 114
64 74
130 61
140 129
105 281
72 25
87 135
50 153
118 261
73 345
137 82
107 40
41 376
64 71
86 173
89 262
66 44
136 284
137 53
64 52
52 346
95 153
109 74
