28815
2000
62 158
118 386
118 336
64 271
35 135
83 17
46 363
80 271
149 99
116 332
72 364
138 35
63 324
142 222
38 94
136 323
131 377
124 377
137 370
91 99
94 155
82 42
110 281
115 395
81 93
147 218
116 144
124 58
78 353
74 68
149 259
109 93
53 335
33 156
85 86
50 16
58 76
143 293
77 277
86 209
73 285
34 383
121 164
78 42
37 5
106 135
72 61
104 38
104 371
77 390
43 233
51 140
64 325
140 359
127 7
74 153
107 56
89 342
33 389
67 254
45 319
147 313
54 341
74 331
32 158
103 171
114 181
100 23
149 373
136 224
123 381
142 355
127 220
109 195
38 141
54 85
76 118
52 141
56 146
100 287
40 170
62 363
84 365
40 117
87 239
60 22
72 180
74 376
40 357
110 387
110 132
110 108
110 307
58 251
58 198
131 178
132 29
38 140
139 360
49 348
75 201
121 291
97 320
72 189
32 228
88 343
124 394
84 400
115 26
147 108
121 212
95 207
81 237
135 44
99 353
59 368
55 106
85 392
40 130
71 107
84 112
133 279
133 84
76 302
56 354
147 145
35 236
44 375
122 275
116 99
63 61
93 186
80 219
93 43
75 151
70 174
77 365
40 197
134 265
52 105
82 245
44 125
58 55
55 145
132 39
64 105
120 135
84 46
128 156
53 286
30 285
84 274
132 127
101 48
31 120
71 259
115 284
80 382
136 213
141 193
123 385
44 395
54 34
98 400
79 229
77 47
107 258
43 230
97 92
87 340
105 376
147 385
93 237
108 361
132 299
54 58
43 394
128 393
121 261
105 312
90 106
138 136
31 157
133 375
58 30
95 270
55 178
41 138
122 95
30 180
144 226
144 351
61 49
92 129
53 325
110 384
136 121
106 349
101 356
144 155
44 225
106 55
76 233
93 58
36 349
120 310
52 292
67 305
122 28
80 204
138 303
113 376
123 354
77 88
50 265
95 28
45 288
113 356
74 24
114 156
129 344
141 275
149 117
97 74
38 361
88 42
49 135
93 283
41 389
102 352
74 91
51 69
125 366
45 344
114 75
53 398
124 298
125 135
81 250
32 39
77 380
118 144
149 293
130 313
130 312
52 206
44 59
39 379
99 84
44 181
69 334
60 275
87 34
124 390
134 277
148 48
62 264
128 217
64 22
60 43
74 361
124 252
94 389
141 104
83 356
40 118
60 237
146 311
107 384
36 340
109 237
148 328
109 144
95 87
113 230
143 360
40 269
99 363
48 56
66 144
45 164
54 99
58 381
105 245
145 108
95 41
36 265
122 109
60 299
138 201
58 21
61 49
85 122
145 134
33 146
67 230
55 81
39 132
57 265
141 35
39 338
128 150
75 349
149 399
138 269
105 354
148 176
73 96
116 143
96 268
108 204
134 165
51 276
79 244
137 304
76 137
147 258
78 234
110 278
90 60
96 34
118 298
129 315
86 347
59 329
132 351
71 334
49 346
84 216
150 111
53 109
76 304
139 309
112 48
96 340
126 47
56 231
127 295
144 289
148 144
38 172
86 251
62 317
86 94
91 399
144 11
98 267
145 202
142 193
137 330
99 79
118 349
88 161
103 352
53 349
127 141
146 320
123 263
102 290
124 340
62 44
38 320
37 384
40 173
144 179
97 263
63 8
48 283
34 280
74 392
137 307
95 160
107 350
130 49
125 207
50 158
73 190
94 172
42 118
59 315
37 125
59 255
101 309
56 14
126 134
69 180
74 394
125 192
59 339
139 398
116 15
99 347
123 282
87 290
70 177
74 369
59 148
54 212
135 345
57 347
59 363
136 53
85 80
33 206
136 333
75 147
68 274
135 362
120 348
91 10
88 183
70 190
104 146
124 313
71 336
91 65
146 86
44 248
42 6
60 57
140 44
109 283
51 370
67 213
136 391
105 394
52 331
126 96
44 55
98 26
73 358
54 303
45 30
117 45
101 299
42 98
134 21
84 132
135 167
105 118
48 310
102 156
47 217
72 246
94 165
125 312
128 311
81 317
57 203
79 65
39 335
131 349
117 229
105 143
65 346
37 303
63 164
102 400
97 101
88 126
134 150
44 309
39 181
123 252
85 371
36 158
62 198
77 335
45 123
70 252
140 244
116 253
71 164
74 229
127 173
108 154
59 220
105 87
100 356
47 168
122 279
63 352
104 215
73 245
96 325
150 131
100 202
87 396
34 252
62 283
142 145
100 296
56 66
51 230
121 8
88 292
95 336
76 265
36 149
45 368
68 19
43 296
62 339
79 398
88 6
64 314
51 61
51 286
46 16
112 213
137 169
96 80
110 177
140 323
79 395
128 356
63 186
43 96
34 376
137 254
109 92
68 341
145 308
116 266
78 237
73 309
41 399
100 19
140 151
70 182
80 270
32 149
113 313
64 229
105 112
81 49
102 248
66 342
116 112
60 115
54 195
114 66
58 367
106 220
84 332
38 167
60 23
80 191
124 231
104 35
94 73
83 360
80 238
57 310
80 136
136 31
115 158
36 224
65 352
114 285
128 99
81 66
144 26
40 157
43 62
120 16
31 69
113 305
41 356
55 273
35 81
32 266
64 16
58 346
35 226
45 74
105 59
58 267
77 345
103 200
92 325
96 190
78 130
49 187
128 58
103 34
125 226
136 122
133 184
75 294
142 181
113 158
89 19
54 175
55 110
88 200
75 160
103 247
102 27
61 342
140 332
55 19
141 208
114 144
111 257
121 195
100 50
114 311
112 265
150 335
54 205
67 43
34 29
84 189
132 9
81 34
117 308
41 378
76 144
89 385
96 168
122 169
120 176
37 270
92 336
94 123
95 328
96 21
80 15
39 50
131 156
95 86
114 63
149 19
94 396
132 134
60 327
86 167
56 91
66 342
136 354
42 353
136 304
96 289
91 173
61 30
94 186
144 28
66 313
127 158
59 83
78 46
132 377
129 252
138 93
70 38
99 51
59 22
69 321
54 207
41 226
42 190
88 358
134 253
63 192
62 240
145 117
128 323
106 115
79 384
69 123
109 264
54 243
69 147
84 205
124 371
149 206
108 306
108 171
51 128
139 228
74 204
91 25
120 318
34 163
63 356
143 226
113 48
115 28
63 302
44 142
97 227
120 283
103 45
135 141
35 11
63 35
31 387
122 251
109 262
138 351
128 364
100 291
38 153
126 328
91 133
100 341
67 86
141 276
58 50
54 102
125 184
55 27
145 138
149 136
71 90
84 87
39 197
80 12
81 378
52 313
134 25
47 138
119 369
57 50
43 139
67 67
37 262
56 130
36 379
93 169
93 275
84 108
63 63
99 280
34 140
124 298
118 167
37 178
104 390
102 222
142 150
51 155
63 163
65 181
130 161
86 9
32 139
68 51
116 70
105 109
92 279
74 200
122 322
122 61
146 225
46 168
86 102
93 229
66 210
136 377
49 360
130 384
145 230
63 285
97 297
148 257
35 211
111 255
136 396
136 166
139 169
41 361
110 84
122 250
134 334
115 58
37 58
39 93
119 272
109 292
31 155
122 146
122 298
132 128
32 400
73 257
66 150
126 67
123 372
129 267
65 376
65 162
81 148
111 64
96 175
85 373
112 19
87 74
30 203
131 112
106 106
80 42
60 114
97 303
41 387
117 348
99 61
149 115
36 282
79 297
40 76
42 204
137 342
46 179
85 92
71 242
140 68
104 377
97 180
74 102
54 283
102 159
128 395
42 16
124 92
39 383
99 21
30 209
62 350
141 282
141 374
30 354
87 158
61 182
104 157
141 374
144 194
86 186
66 185
76 152
45 333
106 153
30 222
113 391
95 153
113 358
70 199
31 237
60 252
67 325
145 311
75 174
83 255
50 316
90 39
101 136
123 314
51 176
46 248
119 69
131 297
66 318
97 196
144 153
83 349
108 195
124 245
144 348
39 189
134 294
118 224
76 55
85 331
36 347
144 109
73 74
98 215
112 17
32 52
148 373
83 363
40 306
100 43
136 101
70 255
45 232
113 27
124 372
144 272
143 94
99 171
106 390
112 155
116 349
48 75
90 100
59 324
54 181
81 197
60 244
121 247
52 56
87 297
112 97
148 205
97 194
72 102
35 298
88 183
41 314
138 213
113 31
68 256
120 147
34 114
138 198
38 15
124 320
46 40
69 89
95 152
137 104
57 387
133 210
138 382
132 299
127 229
39 272
62 35
67 316
76 229
135 334
79 301
74 286
128 9
45 141
57 262
72 380
149 279
83 94
131 152
116 276
113 208
84 127
59 39
42 276
124 118
33 153
121 396
133 156
105 8
102 330
52 367
148 217
72 206
81 348
48 387
111 292
68 111
68 362
94 352
99 85
47 64
32 65
123 108
79 346
102 52
94 225
138 62
143 14
141 364
149 359
99 219
88 158
73 367
76 254
58 152
125 32
56 100
89 197
38 38
140 354
65 292
38 128
115 234
99 92
89 99
48 65
132 218
84 212
84 13
131 283
37 332
124 294
69 50
118 277
31 169
82 162
118 392
106 32
133 113
65 108
74 105
61 268
45 64
147 145
40 96
75 369
121 91
138 317
98 359
146 237
145 365
69 128
32 162
79 384
73 88
34 207
148 301
150 214
96 129
71 155
75 160
132 247
37 52
54 57
125 238
93 373
47 228
123 300
88 256
145 241
35 29
72 318
113 67
49 250
84 295
47 63
125 221
122 311
80 379
122 201
123 49
102 131
59 23
42 95
50 292
59 244
117 285
53 201
37 82
134 309
85 171
105 383
91 341
148 98
87 329
64 295
57 11
32 136
133 61
79 51
111 291
94 372
72 371
129 123
42 79
90 348
104 26
136 369
55 227
96 273
120 325
85 52
116 323
33 350
108 185
41 294
127 171
123 293
119 250
42 97
96 135
59 128
64 5
75 308
43 68
80 397
51 110
62 257
39 71
47 393
107 397
51 396
132 374
72 398
86 367
141 128
102 105
93 141
112 362
114 107
38 378
92 211
80 40
125 241
146 210
127 297
109 156
127 340
117 334
135 311
46 84
123 96
58 84
54 148
50 172
58 250
110 129
57 307
137 151
34 259
30 317
46 102
64 136
126 130
95 339
121 293
76 230
41 337
86 9
61 169
51 203
111 390
142 202
131 232
119 175
121 12
111 223
145 232
52 55
85 23
84 102
31 45
55 314
30 240
80 89
96 155
55 171
136 308
48 15
35 100
117 179
64 276
106 345
49 362
110 314
40 379
127 134
115 84
113 393
33 181
35 95
30 128
149 251
46 233
70 35
51 154
125 199
88 323
36 93
109 146
41 205
116 159
99 211
58 11
150 330
102 159
112 69
77 222
115 126
88 241
130 27
137 96
55 81
102 199
92 88
77 194
128 395
64 375
71 10
59 321
35 116
85 251
30 198
84 147
71 211
144 229
84 163
55 39
47 176
71 329
102 78
46 264
83 273
133 360
64 226
62 115
52 32
111 354
71 372
97 379
141 343
34 149
52 141
67 52
84 29
98 290
149 172
50 175
118 64
149 230
48 330
136 314
121 251
105 273
105 124
145 171
113 297
48 35
64 161
62 78
66 68
112 144
143 296
35 220
45 133
67 83
67 254
32 387
84 92
56 208
84 54
80 123
54 84
110 196
126 362
38 240
93 5
147 364
114 323
65 119
105 170
51 65
81 47
142 110
87 254
129 9
32 228
66 376
123 27
54 333
60 9
39 138
127 217
117 292
85 321
68 10
134 105
94 305
78 283
69 370
43 379
91 216
136 224
72 368
134 338
126 26
91 264
34 200
34 337
69 378
110 232
40 194
74 393
110 233
50 328
38 9
99 128
74 37
132 374
59 298
49 63
46 10
122 69
48 209
66 212
142 393
68 394
45 29
39 146
142 390
34 42
147 241
38 344
46 123
148 362
138 114
81 107
92 68
120 304
145 208
44 249
99 239
73 400
143 276
55 45
149 313
110 82
74 81
95 134
137 234
62 260
105 151
120 12
135 244
86 152
68 164
150 121
112 346
135 377
123 278
102 79
106 381
45 336
134 268
106 347
88 360
142 314
147 266
134 273
33 80
86 216
110 68
123 38
63 149
113 219
96 92
123 378
143 104
104 302
54 283
67 122
58 383
134 50
44 141
96 313
56 228
96 289
94 287
45 379
30 252
112 142
51 197
127 173
88 314
47 311
94 138
80 307
88 247
109 323
33 140
46 389
76 279
78 197
91 206
48 248
88 298
118 194
124 168
147 364
139 191
99 19
69 286
49 381
57 276
32 249
40 122
39 147
115 266
75 55
72 257
106 290
128 57
113 179
60 30
76 339
74 315
95 386
52 83
114 372
126 246
111 307
133 387
100 13
105 122
127 375
30 386
96 375
57 259
119 67
68 223
110 374
53 49
76 336
84 62
141 395
120 79
88 57
47 184
63 116
122 222
103 233
73 243
131 281
74 114
125 220
32 86
82 91
46 364
33 388
106 212
66 303
140 280
76 218
76 132
120 251
45 373
97 27
118 236
149 304
122 33
94 276
51 363
42 287
104 89
99 383
49 144
50 323
85 350
100 207
75 250
57 72
139 56
76 60
53 176
123 35
99 225
68 66
99 238
31 325
58 338
31 149
54 223
81 112
143 389
147 390
129 17
143 373
66 99
144 399
36 308
125 221
104 257
43 293
53 236
95 265
50 389
139 238
98 161
37 142
56 297
85 178
128 101
77 113
113 49
99 268
81 95
136 236
92 94
53 381
85 210
51 85
148 35
76 251
104 82
83 265
117 5
44 260
77 67
125 114
89 112
93 46
44 348
125 169
109 22
113 185
37 189
60 113
129 28
136 302
99 141
36 247
106 286
132 92
101 50
99 294
71 317
115 393
146 120
101 73
47 347
97 256
140 311
129 49
30 257
104 202
88 27
127 226
38 328
74 265
78 327
67 336
106 192
130 30
50 74
98 282
114 207
60 36
71 164
96 210
132 334
72 136
136 81
102 278
86 315
96 24
133 169
147 109
86 366
97 350
63 133
80 177
53 124
111 256
133 68
49 265
127 273
47 334
54 27
85 275
115 159
65 161
85 276
80 347
71 250
73 103
128 317
141 120
108 40
49 381
68 267
85 333
53 79
93 248
37 340
90 363
102 143
64 183
129 389
119 368
70 56
79 152
82 12
86 170
101 125
38 196
77 210
110 304
62 350
136 245
83 304
36 59
111 222
41 30
72 133
52 142
120 237
119 340
79 362
83 122
85 185
75 253
145 382
106 58
119 77
103 128
39 252
99 335
126 341
94 310
132 45
79 32
54 217
65 43
101 348
73 199
67 103
126 233
51 142
81 42
100 44
92 264
72 399
128 103
36 316
62 274
84 221
73 268
90 310
129 148
40 365
140 203
140 14
52 305
47 208
89 210
67 368
35 307
83 111
111 289
61 160
101 225
85 348
93 198
107 300
62 200
32 204
83 123
113 6
51 67
51 135
42 76
81 340
124 22
125 293
42 171
112 52
37 32
74 348
144 165
145 335
140 81
39 269
148 378
150 64
50 382
147 11
96 357
62 222
134 297
36 256
126 119
51 133
68 275
91 45
99 69
111 218
79 103
58 19
95 13
133 302
88 298
108 358
99 272
82 123
135 236
118 28
67 151
41 369
85 141
38 204
142 388
149 266
108 209
102 235
124 388
63 189
81 152
50 154
127 130
44 68
108 287
60 155
129 388
89 175
81 345
93 23
49 243
63 85
36 16
73 142
130 368
63 56
68 189
37 52
126 155
86 132
117 45
75 384
144 106
139 80
36 377
108 322
63 229
99 354
70 145
59 225
149 81
32 134
84 240
98 232
48 370
66 251
51 213
117 338
54 103
112 156
30 371
119 89
100 7
141 23
76 273
136 348
116 166
41 18
59 356
74 183
137 109
112 291
31 93
142 38
98 320
109 172
77 180
52 29
30 355
101 106
126 311
122 164
48 63
135 30
67 20
30 210
44 29
93 126
48 84
96 226
82 220
72 373
139 110
52 354
95 272
73 86
37 227
140 168
118 292
124 170
138 393
68 53
101 74
128 167
139 251
108 265
64 153
89 234
105 400
149 217
119 82
47 318
39 265
132 224
87 245
139 36
121 391
93 55
132 37
107 308
94 340
45 386
45 379
144 181
119 157
45 251
92 36
120 399
119 115
68 282
57 268
49 104
106 180
43 196
75 153
101 73
105 249
42 357
150 323
64 151
141 65
123 294
145 225
77 233
96 234
98 185
39 103
46 354
101 221
52 196
34 371
41 385
52 351
141 356
145 264
72 342
47 201
36 178
142 26
34 85
86 151
67 165
122 49
121 134
85 152
134 218
42 54
147 246
49 32
115 361
37 31
142 250
150 337
105 61
68 229
30 170
83 203
60 314
30 79
38 375
53 341
83 77
95 213
75 50
65 301
117 96
73 373
79 328
145 55
130 221
111 212
135 137
138 227
131 123
31 297
138 44
82 326
104 305
43 316
123 188
113 42
101 60
88 106
143 368
99 229
108 44
123 135
73 373
121 160
38 92
134 233
133 371
102 73
132 104
110 81
40 20
97 88
137 211
58 397
39 123
127 272
70 287
48 348
65 134
76 5
110 61
78 397
44 73
37 125
48 392
131 321
42 318
38 152
40 389
117 169
35 366
81 111
126 303
56 102
96 205
95 390
60 92
104 293
74 240
104 323
65 337
112 114
130 108
98 332
137 145
110 74
37 287
84 20
138 169
122 344
73 332
104 146
149 262
59 43
56 337
90 87
88 364
65 50
103 328
57 328
120 390
102 194
76 50
30 94
131 400
84 19
53 354
141 61
41 255
97 246
117 192
85 388
37 111
39 312
135 237
65 273
71 116
80 205
79 130
137 387
105 328
100 9
150 115
80 31
122 20
48 107
36 345
68 396
99 82
133 186
80 364
139 389
92 65
51 392
41 183
129 308
137 131
49 277
105 263
48 97
57 138
48 214
62 9
130 45
57 326
143 106
76 299
36 243
113 314
94 340
127 86
55 106
74 120
74 72
119 20
91 8
