24089
3008
124 330
33 311
97 172
118 178
142 377
43 243
126 313
41 309
136 16
43 147
127 219
132 155
131 383
56 366
36 50
92 293
107 20
58 135
121 27
119 287
149 139
104 211
93 300
54 330
76 25
41 129
110 61
113 298
74 163
125 31
37 106
136 84
36 285
61 7
65 323
89 117
83 276
82 242
94 28
44 133
32 67
94 269
123 386
140 349
129 212
34 51
34 243
30 196
71 147
110 344
44 398
69 323
139 340
41 200
65 239
52 371
89 164
31 303
116 385
89 266
147 205
106 207
48 367
32 76
140 257
92 334
62 78
97 199
37 333
136 111
145 123
77 336
86 396
117 238
34 259
129 233
131 304
125 280
30 364
49 11
60 54
137 376
86 21
144 33
54 326
53 230
71 59
73 262
145 130
105 33
103 279
90 74
31 68
85 372
107 254
143 296
77 141
42 190
134 50
79 224
84 13
49 182
97 266
82 251
77 280
41 241
101 274
40 143
117 165
129 326
60 260
101 247
40 129
100 276
101 17
52 156
120 266
50 211
147 255
70 112
80 260
89 355
122 64
91 24
60 202
143 236
62 35
123 151
74 118
102 158
115 280
58 318
48 180
90 93
150 330
51 297
92 379
145 115
118 246
44 102
92 377
148 138
129 290
73 133
37 377
99 317
149 145
49 379
58 319
108 329
130 348
106 335
114 362
120 400
128 174
92 122
122 149
39 256
37 213
34 322
32 183
126 330
85 20
111 219
53 239
39 35
34 190
138 148
146 161
109 70
78 186
105 386
129 305
69 20
141 109
135 307
127 179
132 238
31 180
92 110
103 71
64 291
87 53
63 322
120 216
79 371
34 158
42 315
116 141
51 272
109 321
144 106
141 222
47 177
105 147
85 164
122 109
118 275
99 55
144 235
86 187
67 226
44 314
88 307
81 133
97 360
98 311
126 234
36 332
149 227
105 88
120 326
133 369
83 120
112 194
128 106
48 290
41 63
51 177
108 281
72 261
53 384
88 165
98 38
41 313
53 208
46 99
83 240
46 365
86 264
48 167
146 8
104 334
120 46
133 200
32 172
134 166
73 359
121 29
77 37
91 13
97 294
104 233
95 387
126 253
44 105
105 156
89 307
59 130
132 304
72 302
65 28
31 32
50 82
75 368
111 212
85 198
67 168
73 32
82 85
99 292
106 181
127 187
66 82
35 275
109 169
112 283
117 275
94 181
93 125
85 361
75 53
55 254
30 66
42 31
34 233
113 39
79 244
49 331
75 109
106 198
143 372
62 99
93 86
48 125
103 222
80 240
100 80
116 324
90 95
47 387
142 195
103 79
94 328
128 389
105 210
106 124
38 22
46 104
65 349
127 271
89 255
104 223
110 355
101 253
49 341
96 381
75 340
47 57
75 112
93 257
42 208
114 281
141 380
62 7
129 16
111 230
138 103
31 86
70 47
92 249
45 58
72 69
52 351
77 363
114 18
74 291
31 121
104 136
93 251
89 85
36 167
45 171
127 208
112 174
102 342
127 146
30 362
134 90
147 394
44 204
142 346
135 100
118 108
57 396
112 248
74 70
142 175
52 91
148 102
47 389
82 248
139 371
57 21
105 383
77 242
134 229
141 14
69 185
67 157
139 390
37 202
130 82
86 75
32 185
32 105
43 52
72 332
134 301
87 379
120 292
74 364
38 325
54 40
52 239
58 37
123 234
105 333
91 213
49 62
129 113
61 148
90 9
70 68
148 383
93 316
83 299
34 183
143 79
34 109
90 175
134 89
57 348
115 379
137 237
91 254
47 43
80 367
66 270
45 392
91 40
143 132
97 234
51 306
136 213
70 343
61 148
43 34
70 138
107 207
109 15
85 98
139 345
85 59
75 151
106 241
53 376
66 80
30 146
32 214
39 372
58 25
85 294
87 332
64 32
44 335
61 115
130 237
60 315
74 132
81 224
117 140
51 78
77 132
118 192
149 71
148 270
30 282
67 119
123 53
51 11
133 154
33 109
117 326
45 160
61 47
142 126
129 188
132 377
50 155
70 80
31 384
113 340
111 201
92 8
120 95
141 378
59 292
77 88
30 128
62 176
122 208
119 263
120 376
118 274
84 45
68 21
36 225
131 247
66 284
66 164
131 123
125 114
46 254
136 58
139 291
124 398
61 224
85 97
129 59
131 322
116 11
102 99
147 307
145 99
135 370
124 259
99 187
62 131
59 19
30 307
35 391
139 260
74 256
98 174
76 324
143 383
52 92
35 191
112 36
66 40
128 220
91 41
61 198
37 369
141 255
150 313
42 48
57 364
117 322
61 58
149 391
138 284
150 147
55 250
134 273
52 49
127 281
104 293
32 370
44 61
126 8
45 148
137 79
100 303
98 22
143 237
46 297
95 80
100 114
134 113
80 156
146 129
143 185
97 231
65 270
56 307
40 135
116 142
37 182
49 35
48 214
63 27
89 287
115 78
40 216
139 342
99 148
75 116
65 195
32 53
122 162
53 347
70 335
65 200
75 199
104 205
101 231
33 67
70 74
108 238
110 45
78 330
141 319
139 67
143 76
106 215
58 347
37 206
65 183
50 238
45 246
102 261
84 315
145 5
45 296
72 141
82 351
114 30
78 143
64 220
41 384
71 228
75 350
131 244
37 254
50 50
104 397
60 173
129 315
58 137
113 367
54 11
75 19
76 307
130 398
61 28
32 91
125 358
104 277
73 289
85 193
141 65
89 55
132 166
75 37
101 301
143 228
135 71
46 244
108 111
132 234
71 107
145 84
43 252
139 301
68 46
123 121
62 130
60 211
130 130
87 72
72 218
140 175
79 100
50 53
140 53
49 233
121 155
144 25
55 299
71 258
48 307
105 279
105 123
47 329
70 168
79 370
109 388
62 380
72 93
106 326
124 5
95 350
68 48
108 291
103 324
131 309
61 261
125 243
140 8
30 337
69 190
98 314
32 345
141 331
71 127
58 319
89 298
104 26
95 178
82 40
97 302
145 178
53 192
31 238
88 81
113 99
119 354
115 264
92 45
90 308
96 78
126 147
133 226
100 302
32 211
58 6
126 296
113 26
66 384
115 285
103 41
68 256
79 259
136 54
111 382
39 267
148 289
71 215
130 104
53 365
148 166
31 395
87 332
34 262
64 163
72 315
128 51
83 330
102 127
134 361
107 261
55 14
114 273
57 372
30 114
100 277
115 300
59 354
132 152
73 97
134 13
40 72
78 226
68 356
77 90
118 116
111 365
123 216
89 318
85 260
98 319
71 297
62 176
37 118
147 355
51 11
101 25
128 85
61 262
105 267
49 153
107 235
104 218
101 143
49 320
43 383
76 197
103 192
136 66
128 350
54 379
142 330
92 112
111 233
113 297
67 272
119 216
150 341
96 151
41 197
126 400
101 7
119 360
82 100
58 43
137 193
107 222
36 45
97 140
129 267
30 240
141 331
65 275
124 325
46 243
102 123
121 48
142 57
71 218
117 185
75 304
119 175
69 42
96 38
98 157
144 107
101 318
145 98
32 243
88 245
81 141
99 101
133 395
122 13
147 124
110 45
66 232
116 332
66 340
129 371
70 20
68 141
90 122
140 183
94 186
51 341
87 257
125 57
48 149
143 40
96 222
40 180
70 323
115 162
75 302
62 226
58 212
130 252
143 116
43 72
147 281
71 318
144 161
132 354
41 233
133 125
75 283
129 252
74 214
74 185
37 268
68 162
38 82
33 299
55 220
124 271
130 12
120 237
150 6
71 309
80 48
67 350
69 68
145 357
43 193
145 297
114 123
92 114
146 151
66 252
70 39
120 190
104 108
57 384
133 190
50 241
112 157
137 156
112 98
136 313
75 223
122 109
92 369
97 369
107 203
101 209
134 65
76 272
89 255
100 223
41 171
143 247
62 232
144 52
50 279
60 181
138 126
49 94
62 196
89 201
97 369
47 45
80 98
119 208
127 360
95 288
106 46
113 180
88 81
69 146
36 283
112 358
131 217
94 305
96 348
101 363
65 349
136 388
48 200
128 130
46 68
105 324
73 57
114 6
70 244
74 32
140 245
101 61
32 353
46 258
136 321
113 33
144 258
64 111
131 190
57 63
112 16
32 42
72 344
114 180
91 20
76 394
128 386
46 374
74 214
142 193
40 259
99 99
102 327
35 50
47 214
62 358
136 331
146 324
121 303
66 21
86 132
100 278
124 34
64 267
86 99
89 110
69 396
146 105
98 319
127 332
144 164
106 128
106 363
60 362
114 385
121 28
39 302
30 5
93 44
102 331
66 367
39 350
68 226
134 208
136 12
148 250
77 42
118 26
37 85
74 356
83 19
56 260
51 13
37 18
48 384
111 11
117 78
147 203
75 361
93 62
39 77
80 199
109 131
47 98
87 389
113 101
50 353
118 247
47 237
66 352
134 222
139 172
47 199
80 57
138 316
131 73
111 62
112 71
76 69
61 52
63 399
59 275
128 163
41 111
147 46
76 80
41 185
129 104
127 25
150 83
122 375
134 378
142 324
46 228
33 88
124 163
110 134
150 344
121 92
61 246
90 385
123 156
74 300
56 374
135 346
122 372
39 273
58 148
46 209
128 177
115 50
96 366
68 359
70 66
48 299
63 346
60 35
55 225
70 52
35 395
44 372
94 136
94 248
118 314
67 198
144 323
119 49
111 85
119 158
85 278
39 134
142 400
133 217
149 243
65 376
130 194
135 245
126 390
65 374
96 292
51 399
35 349
95 215
94 400
46 253
119 199
72 59
37 178
107 366
85 70
100 150
97 144
96 174
77 387
118 15
146 229
101 24
35 306
84 154
98 38
94 205
129 185
41 62
60 250
73 149
113 313
39 128
105 53
98 49
96 292
92 218
104 5
62 51
122 64
58 160
33 140
146 368
89 120
130 213
85 43
148 50
56 92
64 38
125 257
146 160
148 190
84 78
55 349
113 19
66 209
141 66
115 47
30 366
31 230
134 337
135 285
99 25
110 350
71 7
132 228
85 99
106 34
147 233
116 236
142 319
118 23
138 378
83 239
104 274
52 397
38 176
148 359
45 167
113 384
96 315
126 365
104 120
74 293
87 343
132 297
110 294
134 223
126 16
146 28
142 121
113 129
37 43
70 19
41 94
91 238
38 118
51 383
68 142
97 28
60 142
144 393
148 390
124 143
142 263
139 323
130 64
128 197
61 210
81 223
70 307
73 23
44 125
76 385
101 145
122 393
116 252
53 398
110 151
111 191
61 313
37 35
40 226
59 289
61 192
72 393
143 31
108 213
122 205
104 134
73 228
113 320
139 248
67 354
113 169
47 130
49 305
92 325
62 196
96 245
132 97
103 177
147 379
109 63
135 180
117 119
105 28
33 95
32 140
30 371
84 106
63 147
137 323
100 63
94 381
87 145
119 264
66 188
108 333
55 269
71 226
134 25
103 258
79 81
40 228
88 255
83 312
46 212
38 377
66 333
122 197
36 255
93 57
74 280
64 88
75 358
122 364
119 82
78 137
80 104
100 324
39 315
143 104
55 270
87 285
123 308
147 235
112 303
101 239
119 115
99 202
45 182
138 32
131 252
34 398
67 85
32 292
88 257
45 133
71 122
44 23
116 214
86 358
97 115
136 208
85 81
149 87
132 130
102 83
107 372
87 20
116 175
81 263
38 252
30 354
74 17
132 318
31 196
126 32
115 179
39 82
107 192
37 130
141 163
116 300
78 268
31 339
130 110
113 379
93 336
30 325
76 398
45 90
143 53
99 183
86 222
86 300
114 168
143 261
94 215
149 346
90 205
149 355
76 224
45 277
98 43
63 149
121 10
69 52
96 191
109 167
97 51
147 310
114 214
46 250
134 257
140 45
57 365
113 278
91 148
125 237
30 253
104 117
49 47
69 63
128 350
61 289
48 24
36 338
35 242
146 207
95 104
40 45
73 386
36 51
137 335
131 282
133 209
103 160
52 385
36 329
57 236
31 156
146 267
148 53
75 137
150 261
109 17
121 74
108 316
134 216
113 206
47 158
32 323
137 234
62 191
85 129
138 183
57 388
47 246
142 259
88 374
121 373
119 287
131 235
128 17
83 131
85 400
90 72
150 343
93 302
30 121
51 255
105 153
140 209
87 251
51 363
34 108
119 261
72 343
36 32
33 45
56 152
108 171
64 369
59 82
115 150
74 50
120 388
148 256
46 347
108 389
40 256
71 6
107 116
85 243
126 249
98 130
42 228
72 392
102 332
102 247
128 315
38 80
108 369
70 374
109 38
142 352
147 7
62 375
67 125
38 194
139 138
94 261
49 191
126 261
68 357
34 91
79 314
133 269
57 53
65 19
96 347
98 89
93 35
143 290
134 258
110 359
121 232
136 37
37 209
128 67
103 332
41 160
44 392
133 371
133 128
112 390
90 132
87 355
36 397
114 375
110 121
106 117
133 161
44 332
60 370
148 243
85 99
60 276
73 273
104 45
77 346
134 93
86 289
135 227
145 162
97 369
126 70
115 47
81 330
90 119
111 206
52 160
107 325
82 329
134 225
54 142
52 241
76 386
123 36
127 244
47 127
138 374
113 10
42 301
33 196
143 212
99 66
133 233
103 228
54 314
54 80
114 18
140 198
76 357
42 261
106 71
61 53
115 176
43 54
84 24
51 342
59 348
150 385
82 163
87 100
59 299
93 243
69 332
75 47
62 356
149 299
53 320
147 227
51 321
133 148
128 75
86 16
78 380
146 176
150 21
40 288
94 21
81 389
58 353
144 20
92 148
53 123
78 270
54 292
64 206
100 334
86 10
44 333
48 24
134 270
41 369
34 162
126 316
140 299
140 100
139 329
50 70
92 120
34 273
92 261
78 215
106 261
79 261
38 168
38 225
85 308
63 307
87 313
94 273
120 40
67 179
44 133
109 224
43 189
90 97
94 357
54 31
99 100
98 193
73 33
91 330
81 337
130 130
117 382
105 123
78 364
119 265
61 194
66 186
148 139
144 381
116 209
61 326
92 152
49 157
129 283
73 363
126 298
93 222
96 67
89 279
70 191
91 173
78 60
46 84
108 206
43 359
128 354
124 142
125 212
130 60
131 144
44 66
123 305
44 362
118 59
140 184
94 38
113 152
102 230
47 203
105 144
55 345
84 144
124 130
117 45
31 265
91 213
54 375
118 386
144 115
93 29
128 326
36 252
60 119
130 310
58 83
41 330
55 24
68 222
39 23
42 8
97 216
72 43
94 70
66 395
80 189
31 135
135 223
90 15
62 341
108 271
65 128
142 88
143 196
79 55
40 334
38 146
86 82
51 35
149 221
117 358
52 386
143 161
33 328
39 259
97 266
70 118
95 219
48 25
122 189
32 144
83 122
124 128
53 271
147 38
106 392
49 58
57 297
147 327
90 232
132 122
33 35
148 233
110 203
93 232
67 27
111 111
108 355
119 313
53 33
91 263
57 36
102 325
30 17
102 240
62 390
111 87
88 81
131 140
111 342
73 251
68 239
47 220
38 254
116 169
83 250
126 72
33 339
51 10
86 198
101 245
87 343
95 58
111 36
102 209
95 257
53 202
92 96
120 115
112 51
79 90
126 84
92 92
104 342
80 161
125 354
55 337
99 150
58 268
53 71
146 337
86 118
32 270
34 193
114 140
136 377
123 250
51 245
79 122
95 290
51 34
52 59
96 317
45 48
101 387
140 298
117 299
78 80
41 191
137 269
91 187
36 26
84 117
138 174
76 92
82 308
32 45
34 289
109 82
53 281
99 128
31 207
45 60
59 399
87 392
79 71
112 360
108 126
135 177
125 115
54 253
146 216
68 217
86 96
56 341
76 19
45 23
49 156
37 82
102 399
140 339
60 176
58 29
149 162
35 364
82 14
90 30
68 228
57 49
58 39
35 119
32 294
46 345
37 211
99 325
82 330
142 309
121 289
61 19
115 121
69 126
146 365
83 133
91 275
51 265
97 108
52 220
81 386
126 180
80 308
57 301
101 270
36 132
146 184
145 293
67 38
128 204
37 197
43 397
95 58
66 387
93 24
70 295
58 240
148 209
68 355
37 133
77 273
145 42
72 179
59 255
123 387
85 364
102 122
150 234
124 315
31 340
64 328
31 90
62 334
141 328
55 240
52 193
94 319
110 78
130 99
124 233
110 95
78 356
67 200
101 161
123 221
41 378
104 117
57 105
127 95
48 245
101 10
90 299
110 114
71 338
137 106
90 363
99 143
38 143
87 313
150 313
128 266
52 85
70 339
81 365
138 228
112 211
44 97
96 186
53 300
42 220
77 291
92 212
63 255
31 300
35 9
60 208
110 133
80 120
126 85
58 260
85 128
32 178
80 192
90 199
41 248
97 32
51 351
142 161
37 109
132 122
95 136
79 269
56 24
32 23
150 95
126 281
106 275
131 110
113 297
65 80
91 21
81 99
92 346
149 167
103 158
55 90
96 159
116 162
30 393
95 395
67 320
118 45
32 366
94 248
116 292
129 359
68 55
60 271
59 167
110 141
43 135
58 246
71 389
112 119
96 267
130 119
75 255
104 109
58 45
32 314
133 223
41 82
66 285
100 198
76 304
83 61
71 281
95 362
119 286
58 179
89 267
142 13
103 354
136 169
98 334
71 88
37 51
130 7
118 33
34 203
69 133
139 335
99 72
36 110
90 188
107 104
80 389
38 345
113 121
130 81
117 335
117 156
80 272
82 182
127 257
146 183
58 364
84 392
51 400
66 95
53 141
137 399
39 312
92 400
80 132
127 378
149 100
126 50
131 8
140 177
59 292
101 131
99 353
53 100
31 164
121 168
33 85
80 272
119 359
52 206
131 32
97 195
99 34
112 73
75 282
111 264
81 326
103 96
37 269
79 249
74 177
98 252
50 318
87 231
133 343
31 62
47 140
91 158
48 332
41 25
54 247
130 112
134 323
101 245
117 155
150 163
36 84
139 334
99 215
144 152
126 252
65 305
102 86
90 64
136 338
142 219
75 343
35 95
62 389
85 392
120 388
101 291
114 181
50 23
55 242
60 333
61 116
83 126
36 156
103 214
74 17
31 192
69 297
68 338
138 268
136 324
33 27
30 38
124 350
101 192
46 340
59 282
55 84
131 370
58 164
31 123
126 386
45 119
142 188
58 136
35 168
144 111
90 232
149 350
52 340
68 267
66 165
49 116
127 139
43 201
92 340
145 92
83 30
143 309
49 109
51 353
66 138
66 156
90 277
103 309
76 173
64 216
117 396
149 150
109 130
45 45
41 335
66 82
54 283
47 288
124 345
83 71
119 289
98 133
68 178
63 367
91 375
43 55
107 244
39 39
41 296
115 333
53 67
34 221
32 305
64 125
143 78
61 135
144 275
43 375
49 285
60 190
37 223
138 31
123 64
149 341
72 304
54 232
90 248
107 121
62 38
49 85
107 298
61 142
124 54
38 8
118 189
119 288
129 126
32 269
54 29
141 80
30 11
31 162
141 305
133 98
136 263
35 194
115 172
38 161
103 185
55 237
117 86
52 173
46 361
102 76
139 136
69 348
34 47
108 31
36 17
108 135
99 187
95 259
68 335
86 15
54 187
80 374
30 251
132 150
94 35
65 326
126 194
86 19
128 46
140 63
39 157
117 371
139 201
94 111
113 264
103 286
93 24
140 68
98 286
47 107
82 123
150 14
33 222
139 287
138 272
103 356
102 381
36 34
114 274
136 52
134 162
65 26
119 322
108 53
149 270
84 32
35 264
105 119
57 369
137 208
60 365
72 342
140 59
56 361
127 359
31 144
104 64
135 253
52 338
117 220
50 24
122 70
97 201
128 166
38 80
94 186
141 336
111 398
131 15
47 161
63 270
137 134
133 10
53 86
148 130
110 325
112 89
69 20
36 303
71 397
59 179
82 103
85 8
92 232
96 178
47 312
74 383
39 32
30 346
111 274
32 326
46 322
130 363
64 324
82 327
58 260
30 74
58 121
109 352
67 112
144 53
34 348
44 94
91 98
90 275
45 209
129 158
75 385
67 127
35 64
64 137
59 342
114 22
146 66
48 192
79 222
31 340
145 45
114 359
76 54
98 160
30 372
102 301
111 85
78 219
67 300
148 72
141 334
50 307
135 315
137 140
119 104
96 293
111 159
99 256
82 232
140 337
74 179
78 142
43 255
141 326
141 384
73 211
40 271
107 90
119 59
98 362
130 300
89 394
55 204
40 392
33 378
69 381
32 278
88 65
129 223
149 288
59 86
94 370
63 291
60 298
140 272
98 75
143 385
93 217
52 137
56 310
60 81
142 158
44 251
122 184
57 335
76 343
47 164
88 334
119 200
44 368
64 287
116 178
32 196
113 253
126 150
125 36
119 71
77 52
129 194
77 237
37 37
79 119
49 221
90 98
132 41
114 84
91 226
38 263
145 192
97 5
38 362
85 180
75 250
103 267
43 293
105 400
82 107
38 171
30 75
150 54
93 117
104 140
109 332
61 104
106 48
44 202
64 276
139 10
59 318
34 216
46 299
89 195
66 124
100 323
122 265
101 194
83 117
129 63
124 144
71 77
60 126
127 387
77 356
66 203
122 360
58 188
135 326
79 55
60 56
79 67
86 150
139 275
80 250
50 150
57 49
147 240
138 103
100 238
48 156
117 184
38 187
74 31
103 359
111 290
75 292
53 50
46 211
146 319
111 118
118 285
91 266
58 373
86 81
86 47
66 281
55 322
41 19
34 129
38 226
111 376
119 21
88 228
75 393
135 198
93 391
36 284
63 167
86 16
38 240
116 313
37 174
85 137
34 244
148 158
81 146
57 201
38 366
35 45
67 381
120 169
70 284
146 369
133 240
81 231
116 51
96 173
149 397
41 137
128 264
78 307
149 235
66 390
94 342
34 324
68 114
45 356
73 370
47 66
96 377
127 335
143 81
76 83
144 124
91 121
117 124
135 275
143 147
79 28
75 7
58 190
64 389
100 210
43 399
53 348
66 243
42 59
140 48
130 63
88 345
33 356
96 53
105 126
78 265
99 241
132 276
91 100
77 205
95 294
134 139
74 335
58 315
141 252
35 105
106 210
94 64
96 195
31 389
98 68
78 174
86 201
126 347
104 365
141 286
131 155
63 34
132 174
76 167
108 196
110 252
34 91
68 285
54 167
104 113
106 125
149 216
140 45
48 188
82 299
70 36
129 220
45 33
108 26
64 336
47 103
67 375
90 339
112 77
40 323
115 134
112 21
124 269
86 331
87 337
119 313
123 282
94 75
58 78
149 153
54 272
142 282
132 203
65 360
55 191
118 378
35 139
139 181
80 225
60 178
49 51
127 103
120 253
40 394
148 236
45 263
107 212
37 22
100 273
67 244
147 286
113 114
51 276
106 91
92 27
150 67
130 45
42 58
114 7
86 292
131 56
148 110
99 208
139 253
37 210
53 397
84 397
133 166
63 112
61 319
93 194
58 57
80 347
34 379
82 230
91 244
75 115
150 359
56 115
143 278
51 164
120 310
46 36
150 220
47 6
51 78
148 127
32 332
63 151
67 108
40 24
90 7
121 89
115 245
68 324
105 174
105 289
75 141
143 259
46 201
48 76
51 341
111 266
137 33
137 386
66 193
87 111
38 197
104 32
48 385
144 15
107 139
37 164
41 153
127 198
40 312
138 223
63 286
43 187
71 248
48 360
92 266
77 341
91 119
66 175
54 389
83 341
128 71
112 222
89 248
85 329
127 276
100 165
39 161
67 334
34 184
137 281
63 164
93 178
148 194
54 210
44 30
121 22
149 275
67 188
46 122
46 360
116 79
141 331
101 98
80 278
119 143
78 113
73 138
68 270
100 129
102 383
97 369
74 376
145 298
102 331
37 289
78 391
141 233
92 276
64 255
143 326
150 236
60 193
60 238
70 312
115 316
38 329
100 175
95 394
50 182
92 69
63 386
95 205
66 264
96 125
121 210
103 308
116 122
52 169
106 48
39 370
143 184
78 71
131 302
51 369
77 319
40 193
92 374
65 380
142 300
77 323
118 144
133 324
76 177
60 300
144 324
34 250
91 218
145 100
57 143
131 178
95 9
63 389
109 287
134 87
61 393
85 321
145 5
108 283
99 72
33 60
122 212
127 167
44 248
46 363
42 249
102 127
36 44
100 267
130 339
34 318
41 117
136 225
118 199
91 368
114 252
64 350
62 119
82 304
40 381
37 67
55 23
38 107
110 314
65 128
71 204
122 41
76 185
40 391
111 194
107 72
66 392
37 330
101 46
121 353
104 72
146 161
146 126
46 154
47 322
106 275
74 229
48 305
32 230
46 43
77 309
49 204
73 217
56 355
132 398
71 144
95 245
87 352
30 162
73 381
60 213
137 331
38 120
62 368
130 321
98 192
79 216
37 250
36 367
30 38
122 65
148 249
69 22
125 194
123 79
92 341
54 223
120 243
37 27
59 364
30 149
139 153
147 140
80 115
131 315
106 167
53 87
61 121
85 138
124 93
56 98
67 135
111 161
120 382
63 383
147 347
66 369
39 333
91 212
40 242
77 194
39 148
39 122
137 121
119 81
74 17
92 354
131 18
116 143
134 238
124 237
103 209
111 297
91 196
49 210
84 384
105 30
53 30
87 49
68 313
62 149
63 115
36 32
39 249
93 103
137 278
80 364
140 138
57 302
102 141
65 347
148 24
41 68
118 339
32 387
141 142
145 211
36 84
130 197
93 391
119 310
90 231
74 301
73 313
43 293
85 242
122 244
48 144
138 265
129 223
121 376
122 9
37 47
83 334
91 363
99 149
112 362
94 151
36 68
37 103
81 381
112 248
131 300
74 307
138 134
142 53
38 152
117 396
55 84
123 219
74 335
89 176
33 299
56 124
124 379
33 126
102 161
127 129
141 122
145 331
136 28
49 290
30 204
63 385
52 50
42 83
55 243
132 298
35 127
148 208
32 96
78 354
39 172
66 205
107 167
92 149
88 294
42 31
34 335
53 298
52 234
145 393
126 43
142 263
114 318
120 112
50 76
107 373
82 207
60 30
143 241
139 158
115 190
77 323
136 130
68 373
150 385
93 112
69 192
62 277
130 106
130 88
122 232
55 236
67 262
135 319
139 31
68 52
104 131
69 204
114 206
112 315
143 299
31 285
74 258
71 301
89 82
137 304
44 11
56 132
122 229
64 107
70 324
105 54
129 132
70 42
115 312
47 129
80 334
124 177
61 26
51 97
62 160
76 271
44 260
148 256
78 82
80 363
147 29
79 388
107 319
51 393
119 81
45 176
41 90
78 282
36 209
80 253
83 260
90 211
137 379
57 78
84 272
51 305
32 178
73 162
78 45
118 382
148 57
63 72
111 222
73 208
36 287
93 199
120 284
53 275
79 154
40 20
145 223
108 63
133 13
135 194
33 13
30 120
45 277
121 292
68 350
65 245
144 124
111 11
146 145
137 207
140 318
141 289
149 9
47 136
103 359
62 278
102 342
131 346
61 239
64 121
88 125
98 349
149 14
87 128
137 324
77 237
32 242
73 101
117 381
40 288
40 311
81 138
86 209
47 190
60 138
101 19
37 356
