22480
3014
89 108
65 212
50 247
71 151
104 156
47 122
67 93
71 88
71 76
94 189
56 158
106 162
42 126
116 383
138 11
57 91
150 237
145 102
63 316
64 357
59 113
32 173
86 116
84 125
73 150
59 73
136 112
147 363
45 256
60 63
49 224
112 74
94 10
115 201
131 183
64 86
129 298
40 119
102 88
47 201
134 224
75 382
93 37
94 125
138 176
86 39
111 265
32 133
70 339
35 141
129 304
44 110
132 384
49 71
99 120
150 99
48 121
37 217
35 298
65 167
96 248
144 19
107 203
71 254
134 199
79 222
30 228
111 332
106 276
147 324
42 58
93 290
85 170
61 266
37 327
77 123
36 43
90 251
63 357
139 278
138 69
50 380
31 110
52 119
150 162
91 113
85 40
105 108
51 82
37 88
65 26
84 392
40 319
43 135
54 246
60 273
121 207
132 122
50 330
86 66
95 127
62 273
48 219
33 245
84 274
142 99
46 277
86 156
150 396
118 253
141 377
141 398
127 149
145 176
150 289
39 296
90 67
137 26
40 267
126 83
138 5
65 6
81 133
119 102
30 357
45 173
141 341
141 237
85 65
58 28
34 340
31 228
140 334
44 361
63 334
141 16
123 174
93 130
148 169
117 174
81 218
85 310
102 189
94 167
122 95
102 320
128 80
110 278
99 219
34 214
68 71
98 77
47 376
88 220
57 307
107 182
132 177
50 326
150 327
120 113
51 381
149 165
62 325
149 255
44 138
86 258
63 79
135 304
88 277
83 100
140 267
117 306
148 110
69 173
76 96
99 244
83 226
48 363
56 210
61 137
58 160
129 286
108 284
53 224
96 209
52 251
79 163
63 129
127 336
64 97
115 238
117 39
35 176
76 224
84 256
69 10
51 252
92 29
147 12
107 207
125 186
77 395
114 355
34 216
56 313
110 295
38 119
103 138
35 342
34 288
65 324
137 178
72 140
53 357
109 253
117 183
33 156
99 162
82 195
140 109
127 28
78 214
39 308
117 176
138 112
147 383
60 366
85 337
109 76
101 355
90 34
49 96
126 355
101 386
51 302
96 166
41 227
140 279
116 183
115 389
135 54
97 84
112 88
63 364
71 128
46 269
42 94
116 24
77 81
63 77
47 347
95 113
125 351
128 227
32 99
98 12
101 379
58 228
130 162
122 96
68 322
78 195
41 368
146 7
129 143
63 87
61 215
129 131
53 218
52 333
128 398
127 386
77 205
64 371
42 286
88 69
64 380
90 155
148 349
146 394
83 213
67 197
105 275
42 22
78 354
148 179
124 217
37 102
53 145
93 68
150 365
99 211
134 76
36 25
107 324
55 385
118 99
96 13
115 307
61 192
130 279
119 307
123 294
137 369
30 307
49 354
85 53
149 76
103 285
96 255
57 300
109 12
37 138
38 187
63 136
121 299
34 393
58 207
68 220
51 24
121 64
73 220
133 20
74 90
64 289
69 100
43 52
106 67
86 300
30 309
41 227
113 332
113 316
74 135
128 220
51 151
94 345
93 213
121 143
32 83
126 270
118 24
101 192
68 295
134 12
143 77
104 152
72 273
143 319
137 104
97 372
82 388
40 111
74 9
141 241
31 287
119 295
58 289
135 44
64 122
124 265
31 356
87 120
30 92
136 219
38 371
104 133
88 187
138 378
65 259
97 360
64 220
93 114
98 288
56 351
46 51
67 19
57 326
48 189
66 341
136 381
87 253
81 357
74 380
122 44
143 398
115 374
58 75
108 183
45 91
88 285
145 191
116 10
77 9
32 284
146 336
69 381
114 231
94 177
118 340
132 149
99 167
88 79
61 19
86 287
51 5
122 148
76 125
130 49
47 106
139 377
83 47
143 78
74 43
60 76
143 213
49 188
118 311
70 112
91 110
72 8
90 212
46 341
36 165
69 143
124 309
93 232
55 363
64 325
47 368
92 46
73 115
61 238
136 47
70 160
95 64
87 155
117 127
63 81
148 277
140 178
70 306
120 137
94 279
52 248
112 332
69 367
100 281
128 400
62 259
133 198
116 247
148 395
122 167
94 169
111 304
64 277
47 55
39 383
35 323
109 180
130 151
103 204
51 193
107 89
140 271
72 279
103 255
62 194
46 14
148 205
97 248
59 361
121 267
90 351
121 154
51 147
48 366
110 12
87 317
137 177
92 59
30 188
70 320
134 188
95 17
102 285
133 251
116 64
72 316
144 348
104 212
139 381
92 261
60 223
30 367
134 369
107 167
83 281
77 329
149 103
65 177
106 333
57 200
63 388
80 306
43 303
141 130
106 332
76 255
89 352
51 359
132 303
116 316
66 189
150 315
65 388
113 54
106 125
123 165
54 119
122 160
99 88
100 51
40 273
60 271
118 357
47 22
73 316
66 375
88 385
150 232
139 27
65 134
50 339
147 102
105 157
90 345
64 82
67 241
124 14
57 18
74 175
88 357
101 136
36 193
67 397
135 10
122 60
75 288
90 339
72 17
61 200
39 271
134 350
82 76
125 130
81 260
62 362
44 376
47 139
112 151
131 144
97 299
31 128
97 81
121 233
129 126
64 162
68 398
64 295
69 61
59 347
62 66
43 288
41 247
50 149
80 353
60 269
131 11
123 303
54 130
58 185
66 280
104 50
146 72
70 118
83 319
123 78
147 151
57 178
147 338
104 61
81 175
93 136
104 244
117 68
42 114
124 255
106 94
118 302
51 210
79 285
141 134
36 368
127 304
137 57
139 51
110 141
149 359
79 14
113 254
114 336
97 41
62 324
39 61
62 112
145 275
100 370
37 89
73 231
85 331
148 36
136 75
35 353
92 282
74 335
59 68
65 249
51 76
116 399
81 99
95 209
98 284
150 238
103 304
55 159
118 220
63 296
115 346
78 370
112 373
112 232
123 353
78 166
108 293
107 112
60 190
138 213
109 200
76 166
43 348
121 57
57 197
112 194
77 78
148 22
119 390
118 286
64 36
69 132
39 362
47 354
140 151
137 250
122 145
82 200
59 362
134 67
94 249
37 158
49 7
76 278
121 274
79 251
92 259
78 134
50 230
32 76
150 149
140 291
91 5
116 8
94 364
30 293
137 324
84 10
101 150
79 375
42 203
80 18
73 220
107 357
127 306
55 95
119 51
120 233
98 158
136 364
53 316
62 26
38 52
130 380
138 292
79 35
102 86
94 156
70 276
132 319
126 136
57 231
65 231
147 35
116 92
116 117
89 346
96 160
74 296
80 38
75 156
113 198
118 173
95 60
146 274
136 257
148 171
119 345
65 97
108 67
136 199
135 189
42 121
133 159
63 286
116 103
69 308
50 332
139 160
57 67
104 236
55 381
44 254
96 6
124 298
85 287
41 246
45 224
71 323
125 377
64 24
67 364
107 319
58 87
101 293
119 231
110 177
123 180
45 342
81 11
114 347
130 360
111 364
133 245
123 374
117 276
147 15
105 185
92 340
148 65
128 296
40 37
116 105
47 68
64 91
106 150
94 141
145 106
121 397
140 241
41 62
40 346
99 344
80 240
108 201
120 127
144 310
101 301
130 18
116 72
72 230
144 132
105 318
122 38
45 14
55 89
85 121
102 198
115 180
98 360
121 36
83 83
93 336
105 27
36 303
36 241
115 94
50 315
145 161
39 62
89 400
32 173
120 17
78 345
106 170
135 74
50 244
58 210
69 392
138 278
148 27
106 207
91 174
75 11
30 174
102 90
48 54
62 292
40 109
70 284
64 306
96 82
117 98
106 300
66 310
142 31
97 357
108 216
31 316
128 171
98 14
45 189
99 117
70 313
70 175
76 357
119 38
94 78
77 84
42 240
41 333
143 200
89 52
112 99
109 187
66 330
35 31
139 330
73 120
148 191
74 371
133 294
41 230
97 14
54 61
64 46
51 118
74 314
112 260
143 304
76 378
59 113
94 201
115 239
43 101
132 171
123 8
62 32
80 161
146 187
141 49
83 161
69 131
64 283
51 300
142 227
146 118
97 274
101 259
137 395
126 307
90 163
70 348
146 139
47 75
140 379
77 14
69 77
89 397
145 236
101 239
125 118
99 226
147 43
125 179
146 129
103 380
139 374
101 110
100 211
86 338
35 92
142 125
49 330
40 77
141 198
62 32
41 304
139 375
72 182
87 214
91 287
143 215
108 278
38 65
133 267
130 152
63 231
103 141
93 44
34 12
54 329
42 222
138 234
45 366
61 51
49 399
74 290
88 386
72 160
128 103
110 32
49 284
123 305
98 376
115 99
99 215
99 231
117 194
141 8
61 259
31 288
39 293
116 167
113 399
57 44
82 45
68 6
81 269
114 41
102 116
140 126
84 384
33 43
93 9
101 266
51 144
129 288
125 215
89 55
60 379
76 90
123 151
76 255
78 371
40 303
79 84
118 134
73 303
73 223
101 274
38 171
92 300
43 351
58 123
74 68
39 170
136 339
143 64
122 172
135 355
112 326
108 90
98 152
45 301
117 399
97 21
112 372
55 341
52 55
148 78
53 234
91 307
34 362
58 40
70 304
86 168
130 13
70 242
62 314
135 328
129 163
86 180
116 88
148 384
94 16
54 364
114 144
95 216
138 64
85 221
149 347
147 341
76 202
136 81
141 302
134 250
46 104
142 371
99 231
70 105
136 360
104 319
33 263
31 302
51 57
97 290
65 21
41 233
79 138
78 79
47 28
67 47
78 39
33 375
89 150
48 69
96 108
138 229
143 347
97 80
38 122
133 141
78 235
99 200
147 64
105 111
37 227
39 91
141 198
54 172
33 263
120 205
105 229
131 5
133 394
89 339
67 71
70 389
91 80
149 377
68 222
67 120
45 290
80 328
125 112
54 392
93 131
84 11
108 272
86 168
131 148
83 9
143 223
93 305
36 223
98 355
50 141
91 101
41 231
121 391
147 83
51 285
144 337
37 298
49 85
99 193
51 329
63 35
89 199
72 319
62 163
61 255
92 203
117 105
30 208
92 327
67 343
81 242
83 151
83 84
46 353
71 313
135 207
32 66
104 29
146 210
46 16
127 324
118 20
100 5
108 210
107 348
130 201
39 116
50 181
80 283
147 96
59 130
71 307
66 211
86 310
67 98
96 119
78 215
63 151
53 324
56 40
55 134
41 59
93 399
117 321
118 67
137 342
124 321
38 38
117 28
37 94
91 273
54 193
142 272
140 100
95 159
143 37
138 219
140 360
124 358
105 263
32 195
114 347
145 233
124 370
114 151
80 7
94 16
140 46
75 92
93 15
150 177
112 35
144 59
38 51
142 247
69 144
148 16
67 35
135 314
80 194
140 128
105 142
30 205
52 96
84 101
67 301
32 232
120 34
117 204
135 61
68 171
134 350
93 244
137 23
119 21
134 71
86 59
51 76
39 193
79 295
34 61
129 6
114 136
86 324
126 296
100 389
142 356
39 138
30 317
69 304
97 36
78 390
63 138
130 271
90 296
125 199
124 5
145 23
141 32
76 302
136 166
134 219
71 276
65 169
134 245
147 162
83 279
118 18
50 104
40 110
113 365
114 65
82 143
70 399
141 9
98 174
143 121
35 166
133 225
125 228
131 332
133 65
149 138
126 119
68 110
85 326
53 211
108 181
114 323
132 233
33 326
57 97
65 56
42 366
35 107
109 113
41 242
59 158
118 388
107 13
98 26
54 218
88 168
45 30
35 213
62 283
126 224
122 162
43 76
54 217
104 6
100 235
55 361
40 158
121 256
38 286
99 174
74 315
84 143
35 141
72 251
55 150
33 37
85 248
130 237
143 269
37 71
55 271
127 250
136 38
106 82
98 240
61 73
125 200
137 292
79 240
36 355
101 349
90 118
60 58
87 52
149 365
136 276
122 387
108 270
85 107
70 236
106 167
78 143
47 239
109 383
66 135
75 288
49 212
52 153
145 37
109 248
38 259
140 58
35 192
119 188
112 13
143 41
107 242
66 235
37 395
121 150
67 186
143 91
48 277
123 287
31 127
37 260
116 99
55 347
34 54
41 333
122 361
82 230
133 238
124 247
107 229
138 61
41 213
145 6
108 15
111 171
129 344
31 322
46 388
129 356
76 321
43 300
37 239
113 201
139 374
125 276
102 349
104 380
123 155
149 170
74 124
54 161
113 47
66 9
115 83
35 325
40 84
72 356
101 279
73 291
94 190
117 259
95 316
114 347
70 60
135 106
114 19
47 382
126 311
90 28
149 238
113 267
141 324
40 36
54 95
133 229
35 276
82 363
55 83
52 71
109 273
129 358
130 154
103 31
116 383
132 301
44 22
111 317
95 18
106 302
37 316
72 31
38 158
82 147
138 237
107 222
35 14
137 367
109 115
74 48
52 204
139 214
150 73
40 55
131 43
113 261
77 257
63 275
71 227
87 173
95 177
109 148
44 289
56 53
93 74
91 57
81 237
113 293
147 319
123 113
52 201
146 321
61 204
62 45
33 110
66 53
89 337
141 324
73 339
77 351
122 236
46 261
38 93
139 379
91 368
76 41
116 340
119 378
61 140
115 58
83 69
149 218
114 30
150 273
122 248
57 175
150 170
35 217
47 69
35 347
127 399
148 206
53 329
109 236
89 9
107 23
125 369
112 30
82 166
108 30
108 165
144 293
109 167
57 341
100 356
103 183
108 286
59 119
89 228
94 231
107 139
107 361
117 214
49 244
138 357
73 347
69 94
147 373
90 238
133 142
115 52
131 283
64 229
50 139
126 335
105 92
87 275
119 305
74 79
46 165
52 5
148 319
48 111
149 358
65 44
146 127
57 47
132 89
43 278
77 17
51 175
37 132
134 118
55 286
103 89
101 152
114 47
98 101
126 139
41 103
141 43
130 177
76 128
96 330
70 285
122 235
75 5
149 357
40 316
144 20
38 309
106 145
73 293
60 190
104 330
30 111
51 286
90 296
108 18
145 54
127 16
98 319
91 221
37 323
49 369
80 77
32 64
79 299
135 382
57 197
107 70
89 381
97 150
137 124
42 166
77 282
141 200
32 7
129 145
123 162
56 347
71 253
129 115
30 244
129 368
106 395
42 108
120 263
48 96
93 115
119 157
97 63
38 194
132 11
96 209
62 85
117 227
110 311
36 143
133 310
96 94
91 194
91 369
146 373
79 338
42 220
126 377
102 238
87 15
79 273
95 236
46 7
63 155
113 153
45 165
140 121
149 205
89 209
121 304
134 368
147 20
84 195
40 239
57 89
122 195
43 29
81 303
58 239
114 264
92 12
96 226
73 118
109 293
111 47
118 27
133 254
71 272
40 292
34 310
84 217
37 231
43 270
113 169
33 306
99 291
110 134
120 70
109 95
135 361
57 14
139 188
82 34
50 279
83 102
102 358
31 236
120 339
52 298
49 140
147 305
137 84
74 132
131 275
145 15
43 162
93 130
35 208
102 144
100 264
121 328
148 226
77 217
117 81
107 322
94 123
97 300
58 321
94 144
93 88
147 49
122 145
37 202
71 93
147 133
63 145
143 225
71 158
142 335
120 36
41 347
105 305
148 211
95 235
132 41
143 36
69 353
126 115
129 241
145 129
36 248
115 130
146 53
150 234
135 228
101 310
76 74
148 247
76 262
106 34
149 223
81 331
128 127
97 36
39 189
46 223
45 386
54 248
94 276
98 113
134 368
86 268
108 399
98 86
95 49
112 358
139 315
82 190
144 173
140 134
88 143
54 69
97 318
77 143
135 377
50 237
130 16
117 220
100 19
113 277
117 278
103 152
64 286
148 134
123 235
149 21
80 126
37 64
139 40
69 21
135 74
124 297
133 341
85 316
90 282
145 15
120 286
54 59
99 85
88 115
55 375
59 382
81 247
131 103
113 210
74 187
43 227
54 70
111 113
55 77
30 351
115 13
131 379
48 366
51 238
109 150
57 12
83 239
49 262
62 338
126 71
129 82
110 19
57 179
40 298
124 351
48 336
46 151
100 348
146 84
107 239
57 204
34 384
109 176
63 381
132 40
48 390
117 195
90 17
53 30
77 17
70 15
42 349
138 351
73 294
146 308
131 224
65 273
149 309
119 291
114 236
147 305
54 268
44 171
101 235
127 5
82 326
139 224
109 276
143 33
104 161
77 172
103 292
50 256
78 240
94 183
143 329
32 21
136 299
117 188
64 386
129 281
66 318
107 379
70 166
119 274
47 180
31 51
83 356
108 52
121 79
31 66
115 178
50 339
118 271
86 67
90 79
140 260
140 130
66 128
57 351
112 137
104 249
45 270
145 372
84 235
68 251
96 196
74 321
33 381
65 181
80 130
71 367
36 6
66 223
140 313
51 372
60 24
118 210
121 329
96 49
34 389
82 30
61 309
128 186
39 375
99 267
118 339
90 41
137 331
96 251
87 265
84 164
85 32
50 29
65 231
32 25
136 244
134 55
128 174
117 246
77 187
92 189
145 361
138 295
126 123
63 205
128 97
81 76
37 113
73 343
129 377
126 303
119 138
130 212
96 150
119 283
76 131
123 274
111 185
109 107
51 397
52 362
51 390
140 249
139 293
37 166
141 68
45 168
36 322
142 160
85 202
79 305
44 210
149 179
35 236
110 389
101 172
41 355
58 212
61 50
56 331
92 295
30 135
55 383
66 255
118 14
107 91
115 382
129 99
112 169
117 136
144 392
97 294
122 321
62 130
56 170
44 368
60 267
42 32
44 376
56 329
137 235
123 186
96 129
49 352
150 149
139 13
148 12
144 397
87 361
119 392
46 392
130 170
55 144
86 26
60 69
80 94
42 137
84 368
126 123
56 146
53 22
44 64
95 70
53 133
99 75
115 100
39 376
100 191
80 132
50 384
115 200
66 314
88 91
75 393
80 64
54 247
80 136
55 290
117 157
57 351
99 317
89 398
65 340
99 171
35 196
120 154
53 112
134 104
90 90
112 381
108 323
35 141
91 319
84 238
60 355
75 102
34 262
150 376
53 371
35 244
111 117
74 229
60 289
58 14
69 176
82 209
136 277
30 70
117 269
100 61
141 330
137 70
134 207
106 149
56 178
148 21
143 400
82 203
68 24
78 353
74 218
83 186
87 334
60 396
126 218
148 206
34 5
122 352
136 245
123 205
37 352
104 86
128 345
55 160
65 384
109 392
37 256
69 119
117 162
86 58
45 174
41 135
52 341
141 268
105 243
95 14
132 92
107 193
60 40
98 55
89 101
110 46
128 362
30 204
83 308
54 136
141 261
126 356
40 151
44 121
121 197
37 202
56 42
104 265
33 389
76 227
117 232
116 226
58 378
49 214
102 313
45 5
92 69
106 134
72 301
102 371
80 183
104 114
89 207
124 270
66 119
137 262
47 156
144 252
106 100
42 164
133 394
125 344
118 275
74 221
127 136
89 396
44 79
143 102
93 200
36 264
89 86
132 244
92 301
86 356
43 63
30 204
133 39
69 350
93 253
110 336
38 186
66 99
38 312
102 151
81 356
32 74
47 85
52 161
74 169
99 223
63 250
78 15
96 18
120 127
85 79
136 140
32 151
67 205
118 206
33 76
75 258
73 126
52 338
108 272
73 170
139 141
81 12
121 21
39 229
61 271
138 69
71 40
58 74
106 323
102 363
53 163
88 70
134 86
103 127
43 351
92 220
119 96
40 397
120 79
124 333
81 202
51 277
31 364
144 125
48 251
133 117
95 186
124 245
65 389
47 242
150 189
94 154
92 305
115 345
103 236
93 370
148 35
125 323
112 337
87 312
135 109
105 323
120 110
35 292
114 303
127 161
105 108
143 324
125 123
52 204
147 396
140 132
63 327
77 321
123 362
58 227
131 339
133 378
74 286
62 334
49 64
84 58
41 347
63 54
65 180
143 238
94 312
86 34
144 183
32 57
114 26
81 355
120 142
145 353
143 133
35 32
117 240
67 43
142 324
108 187
47 347
141 136
87 266
109 186
48 121
122 77
65 262
95 115
76 26
120 285
126 229
116 50
64 322
68 370
74 383
83 332
41 179
114 80
130 389
90 120
134 160
131 283
42 217
78 375
40 246
120 289
39 369
75 95
138 149
95 26
144 112
55 51
40 305
59 384
82 250
36 42
60 147
43 92
103 323
118 117
122 215
149 304
97 191
33 208
86 145
80 47
83 247
150 165
150 252
103 391
84 178
95 269
44 296
77 393
99 297
49 105
84 169
44 10
121 226
115 351
114 111
108 101
46 27
38 277
31 187
132 9
32 80
44 381
68 132
143 264
35 228
61 260
101 65
136 24
59 363
68 253
126 184
92 262
115 357
123 297
150 273
143 156
32 326
43 141
73 167
87 89
90 160
34 90
118 214
110 146
72 147
99 301
149 284
100 328
145 181
118 189
85 204
111 138
65 12
44 372
89 352
48 78
92 334
118 82
38 353
95 280
129 137
148 43
63 290
147 53
58 375
40 217
70 46
141 18
44 190
123 227
99 238
138 307
116 211
85 359
106 11
34 53
40 299
101 31
61 146
71 331
150 142
96 231
75 64
39 310
55 229
118 302
109 93
55 59
61 330
46 61
43 309
106 370
119 202
88 105
86 280
111 125
126 83
124 343
136 317
106 365
105 375
136 210
75 105
117 55
98 373
62 69
124 393
90 223
75 271
79 392
103 164
125 131
89 244
130 363
60 305
109 93
113 390
63 168
93 245
79 277
124 75
96 326
39 239
107 41
146 85
77 273
77 126
115 94
65 264
98 151
31 44
49 311
83 127
76 192
75 254
117 34
72 322
79 300
129 26
52 277
65 378
44 58
73 14
31 25
75 75
53 272
84 177
138 385
40 200
68 65
90 375
112 262
89 281
134 36
143 315
70 39
104 274
140 156
132 201
61 258
139 277
87 61
38 320
136 225
91 365
47 43
69 304
84 269
131 55
34 400
90 41
121 344
145 397
112 312
50 63
137 369
76 171
146 165
37 351
117 60
120 202
139 349
65 97
59 180
105 191
53 345
94 215
93 103
115 198
51 303
106 100
112 265
88 325
94 5
107 166
44 291
51 163
149 388
102 135
108 86
32 281
114 125
46 215
121 289
47 68
123 110
44 117
66 5
40 62
83 394
39 237
134 248
113 333
126 375
149 232
121 113
91 318
117 212
147 116
105 295
59 204
49 59
82 390
121 390
80 294
120 226
118 132
79 311
69 298
48 221
138 127
70 319
80 175
63 119
144 361
55 120
132 89
69 139
101 313
109 157
100 388
87 142
70 109
125 152
137 133
94 239
133 363
61 242
62 175
55 219
34 237
137 68
52 57
63 353
82 37
133 83
130 397
142 347
32 195
146 34
122 271
85 274
60 237
96 351
113 94
102 36
123 266
125 354
60 334
33 98
115 89
69 121
87 146
47 238
96 93
62 329
123 89
78 30
31 244
45 235
100 31
142 72
79 201
78 272
56 104
91 333
30 264
71 264
76 169
109 95
101 161
35 257
135 209
68 304
149 207
92 187
71 375
83 209
104 390
98 262
125 21
101 278
134 204
49 363
136 41
79 323
93 121
60 27
96 52
57 392
53 48
142 354
102 266
122 81
98 194
107 372
134 377
81 354
105 231
132 65
73 330
68 154
99 380
116 322
54 155
138 317
123 44
33 92
131 42
71 259
82 354
114 312
116 291
142 290
104 294
96 175
80 189
50 190
32 247
121 343
36 239
52 257
130 14
81 342
75 242
49 54
30 197
128 366
75 379
120 187
57 199
93 264
111 144
104 107
134 306
44 303
118 70
76 378
126 107
100 22
67 354
147 27
122 382
102 134
41 217
46 146
137 266
50 165
64 294
93 132
35 318
142 360
39 351
60 68
90 100
80 330
143 249
89 239
139 117
51 7
55 153
109 398
143 272
134 177
90 158
123 340
57 368
145 298
74 71
73 376
31 335
139 43
93 332
95 10
147 205
97 358
110 23
115 323
70 114
107 28
118 73
95 320
95 229
77 386
129 371
31 44
112 186
50 107
110 98
135 291
97 330
119 60
69 145
56 278
149 191
68 222
146 153
142 134
107 116
121 184
30 42
93 387
57 287
137 69
91 284
48 50
88 304
120 333
135 356
47 44
149 85
52 80
137 54
124 17
76 88
144 231
110 243
65 362
82 357
113 251
70 133
115 73
35 393
94 126
45 298
31 310
70 379
87 255
71 255
34 371
84 84
40 159
92 253
31 304
90 242
89 163
81 353
94 183
76 93
43 47
77 47
48 357
38 281
64 295
90 170
111 323
116 46
104 304
45 325
98 355
82 126
140 90
148 309
143 64
56 313
90 286
131 21
116 109
104 341
126 130
124 248
95 82
51 297
126 282
147 211
142 317
139 353
57 208
53 397
111 28
140 329
41 114
120 217
110 76
59 225
68 117
71 269
148 299
31 271
31 335
148 135
115 245
57 132
131 350
44 373
86 92
53 19
131 76
138 73
138 225
52 58
48 36
125 380
47 21
129 343
128 66
108 336
57 227
104 132
85 227
122 320
42 27
99 142
56 87
109 36
126 165
93 108
136 367
75 247
101 237
77 287
63 249
128 275
45 12
72 381
34 52
30 239
144 360
142 307
133 281
57 33
52 114
47 106
107 215
140 72
69 224
115 257
54 24
57 399
145 88
62 351
41 106
91 142
98 71
37 84
78 246
136 259
91 305
125 186
106 276
120 237
37 66
112 153
35 126
121 12
102 65
85 169
87 226
45 284
71 87
141 126
66 255
100 259
67 389
115 199
38 369
68 216
41 359
94 140
115 278
97 387
56 223
126 234
102 361
145 231
57 165
114 317
67 124
119 17
127 95
86 14
123 169
126 203
88 212
86 231
132 150
116 220
66 128
59 393
51 224
66 351
110 244
31 257
113 55
107 241
45 343
149 209
41 32
34 131
147 35
43 50
84 238
36 309
64 316
92 90
125 233
138 126
148 368
102 6
63 88
149 222
56 17
39 205
61 8
46 32
129 31
127 338
64 213
85 322
126 59
104 318
39 271
70 286
126 124
89 146
102 346
134 29
89 352
131 190
130 78
43 174
113 157
48 382
141 260
45 297
105 289
80 367
129 287
138 261
131 100
100 78
126 64
76 101
114 301
91 309
32 334
88 107
81 293
100 377
53 259
50 176
117 109
121 399
96 238
122 206
144 123
150 334
30 158
132 250
87 186
86 40
57 347
46 108
44 25
113 171
57 138
87 364
85 126
82 130
146 93
121 307
44 180
115 131
150 225
33 209
105 55
71 93
126 363
44 398
83 6
106 201
85 8
139 272
90 377
103 225
69 235
146 239
31 110
60 320
118 212
119 249
109 113
91 355
126 135
96 366
30 196
107 135
53 134
146 20
53 346
91 114
61 45
91 268
128 59
55 311
150 130
148 137
114 168
90 115
124 67
132 36
141 367
139 90
53 149
118 146
41 198
115 176
143 151
74 282
72 295
128 307
42 5
69 384
116 340
71 27
104 363
30 342
143 310
123 353
142 20
120 341
109 203
65 180
125 324
66 255
58 368
43 362
84 363
140 226
49 65
40 325
80 41
87 363
92 323
117 259
112 320
136 355
144 302
36 57
106 95
139 353
89 331
140 155
85 323
82 51
134 173
50 140
135 35
