10881
3124
68 168
70 325
143 350
98 335
103 282
115 27
36 220
113 170
150 242
55 357
117 260
142 220
82 250
98 277
39 77
119 148
49 168
80 301
107 204
120 393
73 152
127 28
48 232
136 276
61 214
148 289
145 27
109 295
64 54
119 60
150 61
109 320
53 347
140 281
134 164
140 32
54 176
90 270
136 363
108 180
79 36
42 263
114 272
92 233
111 46
100 164
84 339
107 276
93 387
112 299
132 299
55 289
60 88
136 238
96 249
141 205
145 206
103 53
125 74
95 185
85 320
123 48
128 28
71 75
46 203
65 346
143 287
48 89
46 53
116 176
97 331
85 240
48 242
121 34
110 112
147 307
120 212
73 223
67 312
142 243
49 82
64 40
118 18
81 215
86 153
92 130
98 352
88 262
80 332
93 238
92 389
135 195
37 250
81 202
51 380
117 198
137 312
149 289
129 157
140 375
32 291
138 255
125 388
86 369
135 205
150 148
82 318
103 42
140 135
129 179
149 367
143 200
135 112
76 267
111 279
40 185
54 361
126 77
51 215
67 190
146 279
132 264
129 251
96 315
74 160
61 354
96 39
69 361
88 272
34 57
88 131
110 362
67 243
45 256
70 41
106 307
99 243
105 94
43 180
110 143
75 171
102 350
144 239
149 314
91 40
60 197
95 238
114 148
89 56
143 295
63 171
40 116
144 386
112 83
117 307
37 298
71 182
37 177
32 381
64 15
52 203
130 148
86 134
68 185
117 243
101 279
123 265
66 205
107 348
51 152
119 187
127 113
54 209
89 80
129 72
78 209
148 301
64 338
134 204
61 173
50 248
46 34
90 167
79 110
101 149
120 95
106 381
124 125
39 261
103 62
53 91
126 210
37 324
48 297
105 176
76 119
85 169
108 214
146 306
102 306
77 265
41 163
66 200
118 45
33 238
49 217
121 206
95 112
107 126
60 201
51 276
54 43
79 320
93 27
98 5
80 256
122 245
71 270
116 392
59 341
112 275
110 214
73 57
109 54
93 174
34 118
150 35
78 339
100 319
77 267
100 45
111 20
44 28
95 128
109 208
85 242
143 135
45 38
121 77
148 96
36 387
60 47
125 59
66 369
144 223
63 7
30 23
45 361
99 320
57 363
108 127
91 121
79 131
144 311
52 60
125 170
122 347
125 323
74 144
150 340
59 329
126 83
32 298
87 248
88 265
122 173
39 101
125 362
55 118
66 101
125 254
117 147
36 5
127 347
146 95
140 286
135 288
120 261
125 184
73 151
87 121
127 179
148 29
48 135
64 195
76 278
81 181
111 182
83 285
46 303
133 337
144 253
83 228
128 367
109 204
85 27
132 51
38 38
126 83
66 377
92 166
99 350
111 362
95 305
93 306
69 326
44 95
133 39
95 102
78 248
41 50
115 328
119 64
87 284
67 47
136 68
108 172
144 263
44 318
89 113
74 149
81 205
101 349
47 37
108 126
98 104
127 312
82 82
135 358
124 222
67 38
98 320
135 392
33 214
106 109
51 131
92 192
114 200
50 53
128 380
37 152
69 263
101 125
104 223
138 266
87 328
44 242
147 192
58 241
92 258
123 274
101 236
144 318
86 311
114 70
63 36
115 152
122 168
130 391
139 307
37 212
77 315
104 220
95 86
51 152
47 68
120 33
50 97
145 99
49 82
129 34
80 121
140 332
78 123
90 194
103 42
99 308
123 330
78 363
142 376
123 96
107 319
55 252
131 312
31 307
56 57
90 47
143 146
37 250
146 63
111 393
144 238
73 396
56 125
65 342
115 147
102 133
36 277
53 347
134 165
45 229
144 394
135 250
52 21
137 188
64 70
105 314
40 16
129 282
62 56
128 269
136 339
75 138
127 243
150 360
69 87
139 256
132 11
126 336
121 243
121 39
64 340
119 131
73 285
84 83
100 267
87 282
87 363
140 262
133 197
31 356
56 326
118 226
61 59
96 230
136 286
97 310
66 340
80 362
141 236
131 388
32 54
132 124
114 156
66 257
48 272
139 301
141 396
91 178
83 361
80 385
139 124
52 371
139 175
122 269
111 152
148 322
54 197
49 98
32 79
48 360
41 137
96 279
103 175
132 39
46 397
70 230
43 171
56 164
70 162
109 136
46 254
39 265
137 310
37 218
84 57
110 237
36 221
61 370
65 375
85 179
103 316
71 132
69 114
142 112
58 169
123 96
76 57
130 360
43 330
92 21
141 162
83 320
131 98
31 372
60 241
99 117
90 177
35 203
119 155
46 366
69 361
40 361
104 324
84 191
105 9
77 162
41 7
72 138
144 6
118 305
55 102
39 67
49 80
131 25
89 34
138 349
109 254
76 235
54 6
86 57
72 316
52 27
122 95
57 177
36 336
91 49
71 294
67 218
136 346
103 379
136 178
125 387
131 157
75 203
72 79
105 159
39 364
146 137
93 311
111 208
34 362
149 273
45 62
103 39
38 132
71 240
45 212
85 178
57 194
145 219
114 192
64 380
33 158
143 170
84 53
134 34
53 172
135 82
124 78
54 337
141 284
66 179
74 152
41 75
55 82
63 172
55 186
123 400
110 211
120 352
108 137
149 290
32 130
56 110
149 102
116 365
100 124
94 171
102 97
63 76
71 65
30 148
108 42
64 141
149 132
70 149
121 25
97 348
36 193
111 396
36 371
32 225
110 144
143 318
131 206
51 84
104 319
94 22
123 239
54 330
101 258
149 150
45 89
57 386
137 242
99 197
113 281
106 310
101 112
44 242
119 348
72 366
108 148
52 165
95 311
62 16
51 77
36 377
32 243
37 254
124 155
124 281
133 354
121 71
60 235
134 290
141 259
102 312
48 112
101 58
107 337
111 219
146 58
48 303
36 41
138 144
47 7
122 20
49 105
130 41
115 82
124 289
141 248
43 193
81 172
137 324
61 365
33 40
137 377
101 388
127 149
67 68
67 358
112 378
89 106
38 26
105 354
34 214
95 261
128 104
46 225
104 344
38 163
127 204
128 161
78 208
96 272
150 314
120 239
145 199
88 269
81 381
150 90
82 348
91 76
102 276
59 347
82 182
143 344
150 374
112 140
144 345
72 203
89 140
96 183
110 202
73 159
55 124
85 344
75 337
78 282
43 192
69 108
46 209
109 91
65 196
127 120
85 311
31 234
104 51
141 250
71 276
120 187
58 324
85 141
81 30
135 332
113 69
126 249
43 239
52 191
91 85
48 224
61 299
113 297
55 249
37 168
51 256
139 54
143 363
75 36
88 373
59 204
80 297
116 147
88 350
61 213
59 337
37 263
82 91
143 55
63 226
134 381
125 263
87 155
87 169
147 395
138 56
121 329
136 285
113 277
97 375
56 247
149 238
58 260
138 189
103 234
95 288
88 81
142 195
108 133
143 39
99 33
144 102
85 252
46 327
44 124
46 181
72 399
109 305
84 310
140 55
150 380
82 147
34 380
36 327
32 157
89 172
43 209
81 50
59 148
130 9
49 123
97 134
92 223
45 174
30 24
51 20
130 349
81 368
118 75
97 174
78 357
136 354
65 70
143 368
36 287
123 319
72 25
75 266
61 159
65 308
81 182
72 68
107 139
130 38
70 127
131 223
120 290
133 303
105 50
139 308
140 297
142 190
64 259
148 59
43 23
107 319
133 340
120 389
94 248
111 188
56 364
102 10
113 155
89 78
144 291
106 349
65 141
125 44
64 208
100 175
111 206
36 279
87 42
138 5
34 367
39 129
50 386
35 393
30 365
127 207
49 27
101 16
146 192
131 244
82 305
149 198
37 333
149 186
80 143
51 345
90 262
100 237
47 75
92 399
75 17
57 14
133 236
62 227
83 126
94 249
68 221
125 53
88 228
123 284
91 160
47 101
83 256
135 224
103 202
110 206
144 254
51 74
108 155
98 242
68 163
114 270
63 353
148 58
144 242
56 94
131 286
138 106
145 118
74 340
145 342
97 353
35 305
107 90
81 212
104 169
58 98
61 238
139 14
94 79
55 22
79 353
91 343
93 39
93 271
95 177
121 329
147 167
118 154
98 49
99 28
81 393
112 8
89 325
83 73
145 396
53 175
142 375
53 158
66 87
150 65
135 329
101 218
105 382
31 79
92 86
63 189
148 243
119 392
35 345
120 330
64 336
103 223
147 312
52 23
50 47
108 334
144 41
39 343
66 161
32 19
56 243
130 234
107 335
80 36
56 272
67 352
73 267
111 199
49 315
119 213
123 92
103 105
71 274
133 203
129 278
98 368
125 97
71 310
75 357
131 254
80 22
117 74
46 307
73 90
81 52
63 382
31 178
91 390
103 104
33 261
142 194
97 104
88 313
104 79
126 321
82 110
133 157
51 83
55 363
82 94
107 238
54 163
105 396
70 14
40 353
82 265
92 317
139 80
120 66
93 103
144 148
55 76
139 135
56 162
116 230
130 64
53 145
138 27
33 190
92 105
135 307
79 71
52 166
90 139
125 108
50 126
75 187
142 298
36 254
150 87
67 308
33 292
31 62
101 65
76 94
147 279
47 397
142 235
83 353
114 12
114 368
54 273
109 15
70 330
69 289
70 59
52 136
41 276
105 63
40 395
71 10
95 13
64 259
97 212
60 290
31 349
88 323
67 292
39 365
61 17
129 288
50 79
68 331
98 349
81 303
138 340
67 353
72 129
92 258
73 184
65 400
81 133
98 359
38 244
47 155
135 276
126 44
40 26
50 192
140 289
44 86
101 227
140 9
145 66
99 218
107 316
141 166
139 110
95 33
102 116
44 363
107 91
66 75
109 383
40 161
142 82
31 388
46 355
69 365
99 318
115 360
62 332
147 28
60 361
142 338
46 277
71 395
55 349
120 188
67 7
68 187
125 157
84 219
75 327
75 20
123 331
39 14
96 19
127 178
131 54
75 286
133 67
110 154
90 357
34 371
133 217
146 10
62 132
47 10
81 180
75 263
94 121
62 214
107 179
56 86
131 318
115 382
83 300
121 133
128 124
93 101
62 396
57 278
65 184
86 177
71 33
145 67
64 72
44 126
58 351
76 69
49 246
84 277
100 227
97 398
72 161
81 251
38 386
149 206
101 295
139 378
52 97
55 117
99 296
71 348
78 11
64 211
99 359
100 77
46 242
57 276
47 393
65 163
83 282
138 289
45 330
128 333
110 250
136 147
106 389
94 175
124 143
49 78
121 294
38 150
66 345
51 273
75 281
71 125
86 307
54 260
128 250
105 315
137 109
57 114
88 55
39 21
136 79
76 161
138 371
99 196
89 265
148 248
128 126
146 88
146 269
75 379
39 20
95 255
42 123
117 118
90 138
129 153
40 274
115 146
54 369
76 382
44 7
63 317
103 383
102 39
125 238
47 86
112 367
116 377
75 33
126 291
114 98
87 132
70 90
46 202
41 7
77 112
115 301
83 193
144 276
109 272
110 362
109 55
46 242
129 235
33 211
30 59
69 320
64 339
142 240
55 135
48 292
107 21
44 355
137 66
45 318
142 117
140 43
85 63
83 191
96 43
38 173
91 122
39 340
46 367
143 139
135 207
49 284
65 224
42 246
124 197
88 193
79 223
70 268
77 363
104 181
47 361
120 243
89 368
37 302
105 7
146 209
43 383
87 173
116 193
119 384
143 213
110 95
141 187
87 198
119 349
45 230
105 130
86 363
126 310
137 107
75 262
45 37
144 140
112 166
30 18
112 146
129 26
135 394
57 64
135 243
35 351
129 104
121 135
80 296
101 253
47 6
79 23
31 38
91 62
42 307
54 33
147 339
76 37
107 33
120 148
143 128
42 159
72 56
102 90
36 278
79 30
74 234
83 197
121 178
123 173
83 60
35 197
65 397
150 307
87 95
93 398
141 306
55 77
94 244
61 82
116 183
91 21
130 365
35 312
61 21
142 60
133 66
69 347
139 133
71 306
150 64
57 378
123 390
97 131
103 254
92 176
62 227
103 42
114 372
123 49
138 240
139 340
39 358
114 114
72 332
53 269
119 308
97 108
116 396
116 304
64 350
43 353
106 173
46 6
37 338
87 293
73 392
139 321
144 385
95 7
103 319
51 217
43 283
116 136
135 234
128 349
110 173
138 236
117 338
84 22
84 218
35 223
108 72
36 167
131 265
106 217
108 267
78 372
123 9
81 355
125 355
45 353
78 317
79 78
101 257
150 357
35 164
94 371
142 8
80 216
73 161
80 383
126 218
58 382
36 279
73 207
32 291
75 196
56 34
106 33
104 393
130 395
81 124
144 358
138 63
116 295
140 265
134 174
119 341
53 170
137 370
149 136
82 113
135 252
114 38
149 91
128 102
88 249
35 102
141 34
80 364
87 261
48 350
37 323
55 154
105 335
116 375
83 274
75 185
30 374
107 379
52 162
145 48
36 80
130 37
115 206
134 391
133 205
46 36
30 319
50 162
119 86
69 159
70 44
117 165
119 372
67 152
76 109
89 233
66 359
110 364
74 23
130 98
60 182
43 305
114 207
109 286
66 137
75 109
47 340
119 50
90 76
68 152
139 315
30 387
53 116
52 108
84 65
47 397
45 313
95 372
141 370
139 188
39 229
128 105
141 43
42 251
34 297
85 160
54 374
112 122
118 68
99 297
104 298
124 61
56 352
144 211
84 292
146 7
136 254
77 29
139 191
105 327
79 31
92 358
108 67
76 352
120 223
61 359
107 115
40 291
104 345
129 322
54 212
131 69
61 140
45 267
97 50
149 287
88 327
89 177
115 344
142 104
93 334
81 106
30 43
149 280
143 165
88 150
113 60
136 104
116 328
140 124
110 45
118 90
70 307
52 226
104 154
89 79
62 85
134 44
128 308
113 246
108 147
77 323
127 171
66 116
143 210
100 355
106 254
137 185
110 126
54 367
100 159
61 336
129 144
58 295
141 385
31 329
42 148
110 357
105 101
130 181
97 202
111 80
90 372
72 346
136 259
97 301
31 143
50 345
75 12
53 73
147 389
133 319
66 279
61 244
131 32
98 143
49 137
32 377
129 344
104 366
148 170
84 26
46 143
102 14
44 186
141 67
40 249
60 221
87 263
102 319
83 311
113 185
65 240
69 73
104 23
53 165
61 335
57 57
117 367
107 302
114 28
113 339
63 131
34 32
140 219
32 282
53 135
48 129
133 194
51 233
82 312
136 174
32 356
75 297
109 177
104 316
67 259
96 254
118 22
39 173
40 38
47 280
100 19
31 38
132 76
37 287
113 27
117 68
130 10
109 361
48 23
106 193
39 269
47 197
63 29
133 113
88 373
64 61
36 356
53 117
106 64
116 352
132 110
66 208
63 394
97 204
83 85
64 329
38 259
49 40
108 54
84 37
141 289
81 296
57 180
122 322
61 125
119 54
96 351
118 380
132 108
93 160
98 134
81 356
98 81
119 248
95 225
141 287
124 18
123 101
126 177
60 45
31 187
97 292
119 52
59 238
98 395
57 289
40 28
32 321
113 198
149 63
55 307
74 48
103 289
40 201
131 196
120 170
95 231
35 125
144 256
85 9
41 262
65 119
141 9
138 327
100 206
136 239
129 66
144 35
34 43
89 74
81 75
111 369
32 103
72 25
120 232
111 255
40 77
74 162
92 110
125 162
97 246
148 35
39 255
107 31
70 276
110 355
85 24
76 87
62 132
127 57
128 395
65 194
71 243
104 60
108 230
123 91
31 319
130 192
37 254
47 338
149 350
38 28
33 155
148 170
111 241
138 371
113 358
33 128
131 217
147 364
97 248
76 295
51 365
102 61
137 253
45 120
102 325
47 141
118 109
77 160
45 311
70 178
72 358
145 217
30 227
107 153
121 237
136 229
136 311
61 18
123 127
102 163
96 88
85 399
136 328
106 70
87 60
36 46
101 109
70 344
121 359
137 186
85 349
113 80
136 141
129 23
93 216
65 66
72 313
60 270
42 280
79 179
92 252
82 111
131 326
118 119
48 52
138 14
117 263
131 151
138 286
148 352
35 96
107 298
32 149
83 271
46 12
36 204
72 217
127 299
44 96
89 377
41 229
89 253
69 155
119 385
125 260
120 46
57 253
145 171
104 248
77 200
147 44
142 70
51 129
98 377
48 350
92 385
142 276
62 27
112 265
121 303
44 178
95 80
61 5
126 115
62 296
122 276
54 86
148 258
68 347
127 229
139 381
87 353
143 71
82 247
110 263
80 269
56 281
66 181
150 214
144 205
46 148
45 324
134 398
101 223
103 84
112 249
142 182
41 393
90 230
124 379
114 205
46 48
75 215
125 87
93 51
114 27
82 57
31 270
134 15
42 331
65 141
58 103
136 97
48 300
101 331
114 186
85 71
136 332
133 303
68 168
65 346
96 187
107 209
110 208
71 86
94 161
60 330
86 388
82 65
95 93
94 34
78 187
55 80
143 380
52 395
84 364
35 104
125 102
35 216
114 164
91 176
82 209
99 323
100 250
69 82
92 293
72 60
39 35
41 309
77 170
38 200
74 158
46 376
117 56
32 126
76 38
124 78
36 279
135 353
68 262
41 343
47 351
84 252
95 230
134 249
131 276
82 140
130 254
118 15
116 37
140 223
83 69
75 180
58 108
144 109
146 88
91 54
93 62
102 330
145 160
31 100
135 129
130 176
132 190
149 119
35 173
137 381
78 397
134 373
80 104
101 214
73 135
38 218
111 99
78 229
32 262
121 208
135 32
66 358
65 51
141 342
125 99
84 12
81 175
61 21
146 41
95 197
98 302
46 236
99 115
65 162
139 305
149 218
121 166
39 73
72 303
93 217
44 266
125 331
136 190
85 174
48 41
102 310
85 127
70 379
127 341
108 380
69 314
141 376
110 304
105 274
131 211
97 26
94 346
111 135
65 240
103 339
130 68
62 33
125 391
102 94
97 213
94 102
51 289
51 47
80 167
140 303
32 175
128 68
64 80
85 142
46 248
66 198
83 161
93 338
43 353
135 133
77 159
109 51
73 164
70 38
43 71
113 289
127 12
39 150
149 378
43 115
56 247
71 48
98 337
116 200
43 247
37 389
84 71
80 103
78 65
98 231
86 174
98 237
69 159
37 285
62 42
84 381
131 258
115 168
135 280
115 296
57 313
109 361
50 269
35 23
44 393
54 111
55 273
68 179
146 150
76 355
87 373
115 342
128 68
108 77
98 71
138 141
124 14
140 293
95 326
110 157
45 62
62 220
105 319
86 383
91 294
132 398
87 348
83 105
44 28
148 305
129 81
65 92
75 348
58 244
35 250
137 384
58 368
84 159
142 325
130 108
31 384
88 204
76 113
124 312
48 216
100 209
87 158
75 185
32 123
124 40
83 321
45 288
131 352
86 70
132 97
111 259
143 397
67 209
144 365
132 144
46 394
30 92
73 151
88 156
144 57
59 71
36 140
44 366
123 335
98 243
133 332
113 249
139 105
36 198
52 268
42 238
90 10
50 277
58 244
124 218
37 220
66 387
83 241
42 253
43 195
133 176
99 313
36 396
58 140
106 346
143 375
78 166
150 200
74 273
142 189
106 192
101 344
96 385
107 178
60 314
97 374
48 367
127 8
83 298
101 132
132 288
102 131
63 191
31 66
111 176
69 378
90 130
101 367
52 391
100 256
80 303
79 156
67 202
113 397
90 13
107 283
125 24
150 310
133 10
71 203
68 206
148 288
128 30
69 32
76 278
128 179
91 349
147 188
68 344
47 106
122 39
138 85
81 162
73 124
139 276
34 250
59 359
102 348
109 237
48 29
110 39
64 356
45 219
70 22
142 62
102 188
36 38
38 369
149 112
69 240
145 126
129 57
40 233
147 27
115 277
71 191
79 202
136 380
127 255
96 260
71 17
134 109
92 218
49 287
64 116
106 339
92 320
82 25
106 12
89 36
92 294
83 321
96 251
121 190
68 79
40 188
45 221
76 50
144 89
97 273
128 262
83 398
73 144
32 246
130 333
97 271
74 6
82 317
32 175
36 181
52 311
93 67
124 387
141 165
33 44
57 398
66 172
44 127
68 159
136 388
55 41
100 363
142 200
90 143
59 285
56 360
136 6
113 163
86 26
48 344
119 65
45 358
74 273
97 267
50 83
70 8
55 246
70 73
53 117
128 183
124 120
57 294
107 346
50 344
106 58
41 315
64 311
106 211
146 55
105 258
122 208
67 355
132 320
112 389
86 312
118 271
97 13
39 310
83 198
78 100
142 17
116 157
45 58
119 93
108 187
68 326
92 59
130 360
109 368
131 150
124 71
48 393
88 130
50 273
146 268
99 382
43 356
47 79
49 110
100 374
87 325
94 118
77 29
141 75
94 15
104 347
38 321
55 355
64 95
99 237
87 45
86 166
149 260
53 399
97 349
110 336
148 370
58 163
126 193
132 111
66 278
47 12
145 398
143 221
131 133
80 57
60 33
127 181
94 178
106 358
53 317
49 8
141 267
93 286
113 257
106 28
148 389
140 31
100 169
87 304
150 278
65 245
73 261
81 75
80 295
58 212
122 280
136 91
109 87
137 272
134 36
48 250
30 211
53 8
83 278
129 41
86 233
137 317
114 285
55 61
67 163
134 14
90 324
50 173
135 179
30 136
130 41
73 343
149 215
88 248
34 381
124 355
95 179
84 72
111 76
47 15
36 260
86 153
126 262
62 42
37 164
42 290
126 294
110 310
116 289
146 279
44 329
150 219
135 72
124 370
55 109
144 29
79 305
72 229
82 205
97 254
146 184
44 326
84 317
117 89
94 393
52 184
67 65
32 396
99 145
85 276
31 242
126 45
57 234
33 225
67 94
145 213
71 326
125 46
63 211
43 229
65 90
115 322
91 163
121 92
45 204
80 15
69 155
68 164
41 17
103 396
79 133
47 195
52 19
89 217
33 194
45 81
128 314
113 191
30 285
146 109
98 148
54 366
79 106
46 323
36 12
116 394
80 118
75 79
117 18
35 160
150 96
79 241
60 50
119 221
142 263
54 110
51 216
97 268
118 199
84 391
78 319
43 227
121 212
46 190
53 225
116 215
97 123
59 217
135 256
143 188
46 247
63 198
58 43
84 126
109 14
40 324
148 365
44 84
81 151
98 307
115 320
94 238
42 76
114 310
84 340
49 90
70 103
37 250
84 74
76 111
77 211
50 337
120 187
36 379
57 290
101 345
123 392
103 284
58 133
130 92
143 328
140 315
104 112
42 177
142 256
146 390
98 286
55 375
101 231
107 222
73 222
88 94
62 390
40 366
63 32
56 23
82 86
125 58
144 320
62 60
47 225
62 121
82 368
84 314
77 19
149 263
93 137
30 393
47 31
137 81
68 210
133 30
120 159
71 254
148 241
41 108
34 14
43 370
53 275
44 60
74 76
86 34
133 250
102 350
127 376
68 278
55 183
147 48
107 149
145 128
78 167
33 147
61 63
64 385
83 56
54 286
143 136
112 36
77 362
50 80
60 26
112 37
99 122
89 87
145 45
38 321
142 341
117 366
71 309
125 18
84 265
55 375
62 29
85 169
96 205
126 376
77 400
95 308
115 273
56 223
41 37
77 98
96 169
84 48
80 283
143 284
143 323
43 309
131 24
126 384
86 169
66 290
146 301
99 246
30 45
98 199
72 138
106 56
85 210
121 262
111 376
54 201
50 176
68 249
123 68
64 394
41 263
99 108
99 313
97 318
81 172
129 198
84 314
81 254
47 169
116 141
102 394
40 340
38 353
112 109
149 161
118 67
51 184
88 400
105 303
44 107
58 257
36 319
135 369
92 268
109 201
117 366
58 258
48 242
75 350
63 117
141 66
69 379
130 185
97 141
85 47
67 258
88 13
58 59
116 368
118 69
69 243
81 248
71 353
58 66
34 234
138 173
70 182
97 326
139 126
67 379
133 263
33 40
48 393
32 366
38 85
64 154
33 345
132 326
45 118
86 289
122 82
140 315
47 339
101 334
62 102
44 145
84 125
47 268
52 274
55 172
93 254
128 70
92 78
72 281
65 11
137 250
34 132
33 349
39 42
54 252
39 96
129 371
150 217
63 137
111 292
94 140
147 244
87 29
66 245
119 255
112 304
45 235
109 299
118 383
86 78
113 264
123 79
75 145
90 195
85 252
112 249
145 379
135 147
100 380
129 46
61 377
40 194
46 372
63 239
55 280
136 203
114 258
66 43
61 193
142 43
70 75
105 118
66 215
70 337
133 346
63 37
144 256
150 142
111 294
70 344
112 66
39 171
147 121
126 60
126 261
43 13
73 350
149 327
68 102
65 210
95 381
44 228
114 217
30 319
53 297
45 134
65 131
138 42
54 163
53 346
95 57
125 148
101 238
119 299
57 365
102 382
100 177
137 339
76 342
138 125
44 223
127 314
139 349
33 248
134 277
49 45
65 174
90 55
112 5
68 15
86 348
93 273
65 353
69 80
52 209
71 219
55 231
32 318
33 298
142 387
105 263
80 45
57 130
34 208
124 38
72 47
55 232
64 206
68 133
142 285
124 94
69 362
76 293
57 104
123 228
96 29
58 50
73 264
119 365
77 243
145 185
115 385
70 18
45 75
78 317
78 48
125 65
124 193
132 171
56 174
40 362
39 299
64 143
39 77
57 309
84 32
128 337
103 271
59 47
93 285
85 284
140 21
84 74
130 93
137 10
111 124
63 158
67 154
54 135
42 294
59 269
98 398
52 224
43 77
88 304
147 296
55 225
119 280
81 166
108 301
138 188
33 248
60 39
105 105
124 179
141 115
121 104
105 90
48 366
68 284
145 132
58 90
51 278
80 171
130 329
139 13
38 59
65 248
56 88
144 269
132 240
79 41
57 156
46 166
146 31
134 287
99 346
133 193
149 298
77 160
140 304
36 333
148 259
41 104
89 27
54 195
44 261
52 350
69 250
52 320
128 289
124 388
53 174
96 392
36 308
63 265
59 247
119 51
147 387
65 219
88 49
140 217
65 357
66 78
103 289
104 210
115 214
58 300
60 181
131 209
63 298
99 197
36 223
67 389
33 203
123 389
149 140
101 229
131 78
87 227
59 89
102 307
150 176
107 106
114 213
90 38
60 285
75 157
128 312
135 149
32 130
95 241
47 382
90 40
30 275
87 200
110 35
96 5
57 43
41 137
101 370
70 284
88 14
63 140
33 324
118 308
106 388
100 150
88 27
87 392
111 38
35 305
136 98
98 226
127 210
64 120
66 240
71 344
115 179
144 141
119 79
84 61
40 171
146 117
115 113
47 15
73 36
147 216
101 320
104 255
66 194
123 183
89 13
138 359
108 133
127 184
35 209
127 147
117 355
47 48
82 37
61 219
87 310
86 388
47 313
89 280
149 209
106 274
71 22
63 93
147 182
125 363
65 245
79 285
136 116
149 26
57 178
137 34
69 329
90 302
80 322
125 19
62 376
71 346
109 171
79 148
35 349
141 166
127 131
80 159
106 177
85 162
114 172
149 28
134 304
80 303
119 25
62 140
103 85
105 288
79 341
111 23
48 387
141 332
98 290
138 103
128 7
33 374
72 373
133 266
54 327
77 200
59 315
134 225
55 222
52 286
117 178
90 350
40 310
133 396
77 209
94 174
92 305
134 89
34 321
130 372
139 306
147 347
147 221
104 131
140 308
128 119
31 93
56 44
102 95
93 165
125 232
69 117
86 368
35 59
132 232
55 245
134 132
77 37
92 267
150 307
67 307
69 344
127 134
58 357
51 114
75 268
58 369
37 141
58 317
77 396
125 138
78 39
36 362
134 54
100 290
57 211
89 210
92 247
55 146
77 300
100 183
125 392
99 371
129 154
119 8
49 131
138 121
139 107
56 60
124 347
65 345
66 271
48 298
105 392
124 49
47 323
39 331
54 258
104 58
64 270
86 321
60 241
71 316
145 378
88 7
72 10
102 387
92 50
56 39
113 142
110 394
67 13
40 90
118 354
127 201
120 390
35 54
123 19
116 229
142 198
89 345
124 35
91 273
83 68
32 149
69 234
30 125
114 300
114 161
62 201
70 202
136 221
146 218
86 298
134 373
116 369
42 110
129 272
65 305
99 383
133 226
92 31
43 12
89 393
114 272
119 378
80 61
