17104
3133
118 118
122 161
49 327
78 223
130 26
58 100
54 255
127 70
62 323
71 133
59 250
101 56
80 59
62 249
52 347
146 73
32 350
150 231
85 308
37 264
35 68
83 110
123 195
41 317
34 354
49 142
90 207
75 79
108 344
33 124
102 27
103 169
60 98
131 347
130 340
40 63
142 372
56 39
40 76
130 328
99 396
102 160
141 148
107 32
111 296
49 98
43 203
52 276
44 260
71 357
105 6
140 19
116 127
46 193
67 120
137 173
65 52
57 306
68 14
38 56
32 182
110 289
47 335
119 95
79 366
98 74
34 97
47 325
40 130
148 202
105 201
103 102
98 155
94 31
146 139
68 346
52 330
74 367
54 355
87 28
96 277
140 265
139 243
139 285
30 161
50 340
58 351
90 270
61 181
149 72
137 159
120 306
104 179
123 105
140 286
39 235
137 296
82 36
113 399
41 51
103 8
107 314
85 288
74 148
64 180
35 34
86 391
48 17
132 131
57 49
108 199
94 73
108 103
62 147
80 216
80 5
141 219
60 24
51 340
52 372
119 157
116 121
65 37
136 292
81 299
135 234
76 197
149 189
77 302
108 36
50 140
124 143
74 129
110 51
121 292
146 278
136 118
139 74
119 260
60 248
93 163
86 295
96 80
87 14
89 209
50 379
133 213
111 146
72 34
72 314
150 192
75 297
97 100
112 10
91 234
63 22
111 370
135 245
145 125
123 57
119 304
96 72
95 345
149 221
33 114
106 281
126 64
78 181
106 387
143 88
117 196
87 172
69 204
47 204
78 358
67 236
125 108
89 278
49 84
72 204
142 273
51 148
144 332
147 36
75 46
67 184
112 317
118 260
129 98
122 146
67 73
99 393
109 19
119 261
107 193
95 139
95 15
57 359
80 373
115 218
88 43
86 263
123 228
79 255
48 187
87 6
81 41
30 300
53 90
118 314
147 365
113 256
99 50
47 8
140 11
119 153
30 178
115 330
70 151
95 295
143 270
53 366
71 106
96 175
115 268
65 179
63 351
127 185
92 108
147 71
54 122
103 379
79 103
119 293
107 396
31 127
54 70
33 127
32 316
125 228
142 342
68 309
122 322
64 125
125 381
149 271
68 40
35 39
84 393
53 11
41 150
80 228
104 278
68 74
67 125
53 71
150 373
125 72
107 126
101 22
100 31
30 347
112 275
102 101
147 279
125 117
81 399
36 259
126 83
107 102
139 32
113 208
146 231
132 210
41 192
70 132
74 285
47 34
124 140
67 13
48 156
102 268
137 84
64 248
85 392
62 239
83 32
143 59
37 337
79 85
77 110
51 205
113 122
116 11
139 224
115 47
81 281
103 356
38 337
41 311
145 207
30 309
70 190
100 47
92 277
69 188
144 27
49 301
123 141
40 334
132 213
147 378
45 235
48 31
94 183
106 381
49 231
30 82
34 101
91 173
75 33
78 305
87 366
123 232
99 207
97 80
80 214
144 371
39 332
107 120
87 142
38 367
113 114
65 342
37 76
53 167
37 280
96 48
129 198
102 69
50 76
147 182
108 347
134 336
100 8
30 148
63 126
90 146
108 384
148 365
93 133
80 335
90 220
53 152
75 234
124 374
144 218
134 345
79 352
37 168
108 361
64 289
125 139
111 103
61 306
93 304
140 372
116 59
60 267
74 330
104 62
75 393
148 330
78 202
107 119
44 350
109 286
143 339
94 314
144 44
149 168
48 189
148 377
97 311
126 283
136 257
147 138
43 287
90 204
83 335
148 139
52 36
150 246
143 230
116 57
61 143
66 376
139 180
61 7
118 5
125 355
114 222
91 372
124 211
134 341
48 278
55 115
108 53
115 184
42 132
30 284
55 98
86 163
41 158
115 169
147 134
35 49
41 226
112 260
118 339
57 221
149 174
83 223
135 106
32 33
69 384
145 226
69 84
130 111
128 301
108 189
40 39
61 210
141 52
103 31
77 118
80 191
49 71
107 263
124 222
71 318
79 94
126 297
132 304
112 76
143 308
49 348
81 140
134 110
108 42
127 27
124 198
121 329
135 161
34 239
93 163
66 26
124 60
76 40
69 93
130 350
65 100
48 394
80 378
138 274
100 345
43 269
131 240
142 151
34 279
77 127
101 216
48 315
124 371
50 60
128 171
103 47
95 8
32 34
138 128
94 258
103 199
115 139
142 169
148 72
39 245
34 40
125 397
125 363
77 256
97 370
91 224
52 214
120 169
111 197
139 360
78 30
132 105
113 335
79 400
123 271
144 279
84 229
116 274
96 326
49 32
37 250
136 326
115 239
45 323
136 215
47 269
38 342
123 87
34 348
38 351
71 221
44 287
130 21
112 29
141 330
137 346
57 5
97 262
84 53
117 356
114 241
96 103
70 88
48 185
36 264
66 147
51 291
102 273
94 54
102 379
133 348
76 330
35 108
32 159
109 147
148 369
57 8
109 120
69 301
79 314
108 321
138 338
38 185
105 366
48 262
129 255
55 180
149 116
131 14
66 158
84 137
56 280
63 307
97 190
109 381
31 25
113 348
58 201
141 60
75 271
131 50
138 196
134 115
44 379
43 110
81 183
92 25
32 255
79 297
43 210
113 300
118 92
33 209
149 376
52 186
107 176
136 335
71 95
54 264
135 53
90 293
108 335
86 300
118 272
57 334
106 221
86 400
147 176
125 371
90 395
38 186
147 326
101 356
130 57
144 300
137 81
35 393
112 376
37 334
52 293
34 178
36 336
138 74
78 82
130 300
84 224
69 64
125 342
105 340
88 107
130 178
127 327
78 132
39 164
53 36
89 29
131 293
70 245
82 17
137 124
35 393
73 260
145 245
139 55
84 14
99 174
82 40
57 41
134 262
41 278
98 70
70 23
78 36
60 143
112 104
146 28
66 364
73 201
139 163
41 296
105 101
132 278
127 157
55 67
144 372
84 245
35 148
116 83
129 32
116 171
89 254
115 40
73 361
127 179
36 86
142 339
45 183
87 167
90 127
69 394
138 99
55 241
93 274
118 103
131 11
139 10
75 230
61 198
35 362
134 304
44 300
42 105
74 256
116 66
90 307
150 377
103 68
63 323
64 337
93 100
118 288
39 108
128 77
150 347
104 326
83 305
90 272
148 94
143 282
100 143
106 175
130 383
124 175
135 311
55 288
113 266
48 150
66 337
147 231
63 118
124 61
89 46
120 239
124 11
100 163
97 125
142 310
121 34
65 188
93 215
123 105
136 33
98 149
46 180
127 101
63 319
136 183
98 58
108 80
57 324
144 222
86 141
142 137
33 286
89 294
116 309
49 281
132 295
104 47
113 274
68 24
138 180
53 160
139 276
54 16
119 61
50 286
106 274
115 98
59 312
135 327
149 30
134 156
86 275
115 306
58 371
100 364
111 8
79 56
105 364
116 350
148 188
100 93
38 226
88 380
116 291
67 122
109 260
89 228
110 287
100 280
57 292
88 138
52 298
92 233
95 251
79 361
127 222
46 92
50 59
76 292
144 184
82 195
116 276
149 295
121 251
89 118
37 127
58 166
77 79
113 47
78 62
68 146
111 387
45 268
142 138
55 35
39 375
32 148
145 60
103 25
69 87
121 144
118 112
54 141
141 125
105 127
37 74
57 208
88 16
117 348
40 71
143 186
124 85
121 245
120 337
50 228
148 77
110 199
64 321
129 385
58 377
56 184
135 107
43 235
104 102
115 17
44 86
81 319
119 44
136 358
92 30
66 400
106 159
124 128
104 101
130 162
140 229
131 305
76 39
42 227
54 96
107 163
127 73
114 391
147 200
36 350
141 143
148 224
39 348
120 192
84 118
30 334
149 83
134 391
104 200
150 251
41 39
34 169
46 336
45 219
150 53
115 150
111 252
142 256
62 223
96 48
146 277
76 360
142 95
92 109
114 188
100 144
49 60
38 138
109 15
37 137
124 233
64 286
121 130
141 239
54 340
108 367
65 275
48 260
150 371
110 342
106 316
88 193
130 152
109 305
52 241
37 16
92 91
39 227
105 366
143 268
43 315
122 232
40 108
137 227
54 345
131 244
133 103
104 58
46 30
81 328
129 86
98 383
126 106
99 129
31 125
140 335
132 161
113 368
134 323
148 91
37 195
60 97
45 160
57 61
31 24
131 103
137 16
72 53
117 155
132 37
116 168
144 319
56 163
123 236
122 19
64 149
140 257
112 193
92 63
139 314
136 112
32 71
45 40
49 100
150 11
37 77
138 329
120 398
107 18
120 251
129 139
147 261
102 293
109 252
34 357
64 57
136 160
143 194
104 73
112 43
42 387
74 292
40 374
142 165
136 308
72 8
130 16
52 328
142 23
100 192
116 311
66 291
64 223
42 380
75 57
34 239
41 48
134 242
64 194
118 348
61 66
109 280
108 107
44 59
92 374
73 99
48 358
33 270
31 54
101 208
140 147
139 72
137 133
135 346
47 314
54 128
136 174
56 64
36 359
66 352
93 208
114 215
71 87
125 373
134 200
103 400
140 282
85 156
136 356
88 86
52 94
96 303
107 55
89 79
103 335
121 212
96 307
149 291
111 369
98 204
120 368
128 255
83 230
48 298
123 205
58 49
45 321
40 304
43 57
114 353
108 47
54 348
64 360
98 27
122 97
94 300
146 347
86 279
126 277
105 344
150 55
59 51
101 190
44 313
150 381
62 235
37 143
31 80
100 222
139 48
117 29
36 246
61 184
107 320
100 236
144 102
126 172
67 110
51 244
60 66
76 360
147 118
99 169
123 390
150 288
78 80
38 136
131 184
104 373
47 293
88 285
86 280
46 295
40 15
94 121
140 368
116 321
143 147
49 24
91 69
94 311
77 184
83 18
109 204
71 201
108 68
140 60
110 229
144 292
143 199
127 124
131 72
51 205
113 308
93 21
33 312
73 395
90 352
75 93
123 353
135 393
49 158
32 147
121 206
127 20
91 125
120 40
150 77
135 216
124 118
43 394
77 46
93 396
33 108
115 149
99 183
140 396
70 224
145 391
32 149
149 191
59 344
133 148
80 59
84 96
144 296
110 333
138 251
52 115
131 75
94 384
132 81
87 198
74 315
46 109
84 326
84 105
84 18
138 46
132 7
57 252
93 390
149 323
144 302
102 227
115 81
39 77
94 255
31 94
103 17
85 295
100 219
50 255
107 138
120 282
90 323
34 52
81 42
53 87
51 319
131 399
129 202
116 94
105 213
71 206
78 197
145 216
110 328
47 38
133 307
66 265
120 142
42 129
54 364
83 334
120 257
64 338
71 192
105 213
119 111
116 201
51 156
34 286
73 39
126 43
89 147
116 344
64 119
141 200
37 111
111 200
124 49
45 20
60 154
45 25
150 219
31 329
40 50
104 331
56 274
83 187
45 272
53 164
77 192
76 137
112 132
101 381
63 6
122 348
52 217
113 186
145 220
57 291
77 253
67 128
122 184
69 192
54 97
96 141
61 48
133 387
122 67
76 14
61 63
106 72
131 230
57 31
96 215
90 215
104 61
142 174
34 289
123 260
95 100
139 371
96 285
99 289
127 359
89 219
89 238
31 7
32 162
92 206
55 222
61 306
136 127
40 253
68 97
111 239
31 76
55 99
76 198
51 320
140 204
121 208
148 226
88 159
121 325
149 23
90 332
87 346
67 374
41 234
31 128
40 99
105 279
74 91
139 301
136 360
83 243
53 354
105 196
89 138
141 300
48 80
55 62
71 255
47 28
125 261
129 374
131 227
87 179
57 111
105 276
57 218
136 263
43 140
40 15
148 255
104 60
59 252
55 184
140 53
134 165
71 196
65 203
59 165
71 17
96 222
66 58
36 283
108 180
78 387
90 10
60 387
79 144
43 366
43 169
77 292
50 151
80 115
57 384
116 174
66 122
97 240
102 99
77 232
125 284
112 59
96 345
106 227
44 219
79 380
39 117
111 202
141 339
128 145
47 301
122 83
51 31
55 136
115 341
142 211
93 21
74 397
113 73
124 195
124 21
46 118
39 243
141 179
77 189
85 262
53 5
87 6
135 15
92 267
100 359
54 9
92 87
47 62
82 228
140 66
101 271
143 385
98 105
52 86
53 16
113 171
66 78
104 16
86 154
52 46
77 114
144 87
105 152
71 96
78 50
101 63
78 394
67 333
62 278
62 366
149 365
97 276
46 60
143 391
34 93
42 178
71 389
43 398
124 177
52 177
101 319
128 195
114 359
119 321
65 335
101 48
116 115
107 294
110 164
95 279
75 384
91 286
83 100
145 213
123 352
53 399
105 308
77 22
72 58
60 25
37 25
59 42
68 161
132 278
84 178
131 346
125 301
43 105
149 224
66 234
32 188
139 29
73 284
40 265
143 233
42 386
117 306
118 150
32 341
69 19
132 99
65 385
40 213
119 114
112 272
47 333
142 189
54 60
102 344
130 238
45 109
55 150
146 91
120 49
73 352
61 369
133 14
86 178
133 127
102 96
57 355
146 339
95 285
52 284
122 196
59 84
60 394
72 112
119 30
53 259
39 339
45 322
75 314
87 118
148 223
53 145
91 308
107 40
116 117
40 380
31 74
55 171
57 364
95 195
115 199
55 277
67 354
47 182
98 160
61 252
77 214
89 82
125 175
69 344
92 121
89 134
129 99
139 298
109 116
147 70
131 193
127 393
42 183
52 105
109 10
79 98
49 192
79 270
97 74
136 65
46 140
110 254
119 43
78 283
123 229
142 39
73 330
48 148
132 180
96 391
73 31
120 370
46 239
110 181
118 150
138 132
56 225
121 289
110 248
110 355
75 246
133 88
64 206
81 326
85 318
50 315
126 270
83 25
142 84
42 75
79 66
88 222
66 297
69 184
57 275
36 284
97 38
91 370
111 272
90 361
130 35
100 360
76 157
92 128
79 356
69 247
102 110
99 161
96 314
58 191
33 100
128 221
48 13
134 203
128 350
109 12
64 92
30 332
76 326
81 309
93 276
51 32
87 214
124 269
53 280
111 89
73 399
143 151
114 224
143 167
89 250
84 104
112 346
31 294
100 182
60 260
40 380
58 49
121 306
70 326
33 238
144 316
99 348
77 32
54 47
53 399
115 321
87 69
37 159
37 356
62 370
42 352
129 179
64 107
140 80
82 394
100 369
77 211
30 260
107 51
106 171
38 297
49 240
149 322
33 84
40 29
148 58
96 260
90 375
133 239
49 125
69 276
83 87
128 211
145 80
43 67
130 29
46 87
120 259
75 308
118 158
123 82
51 377
92 166
126 219
146 181
61 174
34 33
82 142
118 34
125 26
83 145
129 118
135 46
136 321
62 388
95 295
149 96
58 197
87 394
149 206
90 322
147 57
38 63
114 217
114 231
103 274
135 262
32 136
49 366
137 103
111 113
62 334
140 20
58 12
58 147
46 15
114 194
32 92
35 154
93 317
48 87
61 168
104 84
111 313
31 255
103 220
139 170
103 260
96 253
35 196
54 72
58 251
92 308
81 198
144 384
73 64
70 154
102 227
115 394
45 129
122 42
63 382
45 27
32 25
31 204
126 266
31 263
148 246
148 277
149 99
34 120
120 364
108 138
83 97
93 210
109 264
81 368
103 15
64 374
134 88
149 285
62 300
137 149
65 250
127 284
62 184
60 221
112 270
144 390
62 108
53 390
58 177
135 239
121 312
89 194
145 237
69 341
108 130
116 44
46 73
86 65
83 139
87 95
57 134
99 291
50 190
79 291
122 208
38 88
72 332
45 38
110 102
107 112
128 118
50 77
121 42
94 85
81 34
103 346
75 347
86 341
35 184
84 383
90 16
145 308
143 87
40 22
102 101
45 66
81 25
111 9
112 265
72 62
92 194
61 116
92 261
97 81
53 68
130 273
33 368
38 31
72 318
122 97
37 79
146 153
126 147
133 174
141 162
135 121
62 93
109 122
104 254
43 358
56 167
119 241
132 127
38 388
90 66
92 153
52 393
58 309
149 39
138 234
108 185
110 267
104 198
129 236
147 387
88 320
73 231
78 387
148 84
95 125
80 344
142 251
149 81
126 279
73 32
80 71
122 201
61 380
33 229
94 313
52 358
95 285
114 169
49 200
149 27
126 276
100 169
93 211
54 122
115 156
84 42
85 378
148 220
36 152
74 144
99 324
126 151
139 9
64 105
102 368
122 178
91 334
42 116
74 192
107 82
130 177
46 341
66 247
76 169
91 343
133 276
93 262
138 29
146 131
57 90
73 111
94 58
45 253
93 294
52 204
141 166
135 170
139 279
38 380
68 146
117 277
136 104
138 313
115 86
138 316
64 144
98 316
145 37
101 254
35 155
119 345
87 164
83 266
120 19
107 301
64 63
113 160
125 244
90 142
124 92
100 265
103 270
59 134
140 336
139 166
88 181
125 366
43 100
99 72
72 150
85 143
65 342
102 85
46 128
104 387
46 73
144 9
122 363
119 323
37 127
56 273
49 297
43 393
108 251
124 158
65 93
70 70
150 80
78 331
93 315
93 249
58 135
87 28
124 152
44 188
137 301
150 217
55 270
125 187
132 323
106 302
30 116
119 350
112 212
35 183
115 275
50 390
118 11
58 184
58 341
117 362
95 272
84 161
149 380
119 163
120 22
115 19
98 134
63 76
70 372
84 307
103 191
145 71
101 360
105 53
59 138
144 59
89 12
49 239
135 31
111 299
141 86
93 127
69 257
107 204
62 312
56 90
106 62
100 275
55 181
132 138
104 134
42 91
91 115
78 123
84 70
87 273
36 25
65 147
56 331
46 15
123 188
62 193
68 17
62 230
97 281
137 342
41 368
139 78
37 79
69 373
134 317
123 340
89 11
143 193
89 182
109 255
33 186
113 158
141 375
90 169
49 308
47 282
126 194
30 30
134 115
119 127
36 218
57 374
75 94
98 123
125 50
38 377
86 97
65 248
130 85
59 319
36 332
112 158
143 310
93 188
138 27
41 21
56 95
42 130
82 29
123 87
135 89
110 27
78 358
32 58
121 116
37 97
136 368
124 57
30 211
139 333
40 23
37 93
68 142
37 46
138 259
99 206
66 181
64 281
41 383
137 317
143 330
79 102
103 71
104 365
108 34
73 165
70 302
48 241
114 143
126 209
91 15
105 53
46 196
112 290
97 20
102 82
147 393
51 284
59 44
45 278
103 222
147 300
89 52
61 85
150 341
132 213
53 18
64 364
132 311
145 185
90 353
43 92
104 364
72 309
110 111
97 300
66 266
76 66
70 153
46 306
116 373
91 275
65 191
60 353
139 375
105 236
64 143
89 239
60 53
45 150
142 8
74 83
91 98
83 141
132 253
138 184
150 104
31 376
79 281
123 184
118 57
30 74
138 204
30 189
107 361
142 306
136 393
113 56
144 78
62 263
33 217
75 190
32 311
100 238
102 190
109 97
92 71
129 74
60 161
87 368
137 324
77 216
49 83
104 43
47 59
89 209
119 371
72 181
77 387
52 101
88 117
133 96
134 357
125 278
78 259
50 331
76 263
36 319
106 357
93 345
123 39
148 243
78 366
46 35
86 337
39 43
45 289
111 301
43 336
114 60
120 376
148 122
126 71
86 176
148 251
73 250
118 304
90 24
41 197
62 87
40 219
138 195
39 173
148 215
61 126
99 344
122 363
91 307
66 94
40 166
89 385
67 221
37 59
149 179
73 112
68 41
62 183
86 375
87 226
140 255
60 176
118 103
75 223
131 362
48 174
43 152
83 23
72 392
149 192
142 22
136 341
126 41
121 11
42 219
144 9
32 216
80 16
48 97
150 114
111 369
127 185
54 196
30 363
121 269
48 312
32 21
90 399
137 80
31 145
121 147
85 274
142 187
65 217
86 282
92 326
122 221
41 96
59 66
57 236
80 127
92 361
61 114
66 158
122 71
83 247
72 271
122 181
71 198
93 313
149 16
143 345
118 185
51 389
63 299
144 29
31 102
47 269
79 280
50 335
128 303
109 323
135 57
99 195
71 293
70 63
99 216
119 114
146 227
86 253
38 211
68 204
123 210
137 400
111 98
117 311
51 234
30 23
44 253
52 326
71 172
148 146
44 245
80 61
89 203
133 215
35 352
126 105
124 278
105 57
63 297
130 269
145 206
103 97
128 280
49 26
111 392
54 99
128 297
54 18
131 385
117 373
36 62
48 356
77 100
119 26
48 297
133 95
103 380
70 77
30 184
95 369
80 260
44 340
104 113
143 179
77 264
111 315
60 134
40 146
60 192
121 127
120 235
100 88
142 289
47 88
105 71
113 312
96 373
54 73
45 333
44 286
84 214
79 365
80 347
57 329
72 340
102 207
80 336
71 274
134 303
117 170
80 289
75 88
39 65
110 10
31 22
145 95
112 322
149 137
90 189
137 207
128 315
130 107
71 308
139 30
65 210
87 84
117 230
75 307
74 287
112 223
53 382
102 305
89 15
36 380
127 55
43 253
71 273
118 194
76 136
96 272
46 204
80 400
53 327
108 279
89 113
70 315
108 180
124 253
150 279
51 60
35 245
134 206
73 370
49 396
40 178
150 189
37 187
51 187
87 199
68 305
87 109
106 141
136 300
140 278
112 36
110 211
145 124
55 379
88 189
102 114
106 229
81 118
148 194
113 9
47 355
63 387
146 367
141 84
122 252
127 18
79 400
139 113
144 91
69 67
72 46
146 93
138 136
76 45
133 24
55 332
145 222
86 31
111 155
81 364
130 79
103 82
102 356
134 38
127 96
78 124
32 329
34 151
90 385
119 273
62 42
107 251
95 63
104 51
105 105
41 53
38 170
42 366
43 176
95 142
48 356
137 108
91 312
60 143
139 29
95 92
95 21
118 157
111 320
61 93
50 236
57 252
104 25
36 257
101 364
135 134
69 214
50 279
117 176
52 320
95 34
81 334
106 399
69 311
51 104
39 400
32 108
51 154
110 55
101 134
83 14
115 239
60 184
96 102
64 271
61 111
126 173
52 195
118 324
95 291
86 98
112 254
130 146
95 144
92 329
89 27
82 31
115 119
102 41
46 374
70 261
97 109
144 390
141 18
61 247
99 369
64 32
109 309
98 10
102 57
103 49
49 157
119 164
139 126
113 372
88 23
88 68
56 246
58 11
41 63
144 49
94 148
80 212
130 204
114 73
93 297
75 391
71 361
63 324
72 55
113 370
54 370
32 294
92 258
102 384
131 278
95 214
120 62
108 167
76 371
119 97
34 245
119 62
47 22
136 107
81 391
126 326
123 306
102 91
139 291
97 113
107 136
31 371
53 198
79 395
74 146
72 232
137 247
117 37
126 12
92 148
49 347
79 58
111 292
136 378
85 144
69 369
88 187
146 124
141 300
36 247
37 185
97 7
31 131
88 357
37 307
56 15
86 270
136 355
40 34
140 233
102 317
102 189
80 215
143 265
46 172
63 27
113 296
94 128
34 123
68 130
50 207
145 81
31 62
38 176
94 393
57 324
103 143
121 44
70 171
94 383
52 296
31 262
51 31
137 310
107 292
85 314
144 141
51 272
118 96
109 45
66 391
113 113
42 178
100 184
89 384
68 226
71 236
33 139
34 311
108 235
98 395
84 22
52 387
118 281
38 296
149 208
76 101
118 187
150 135
129 254
129 175
123 388
149 127
52 323
33 192
71 43
69 80
64 208
41 343
34 168
94 245
90 295
103 32
126 24
87 270
96 349
67 237
145 103
62 168
57 54
106 24
41 220
44 390
31 256
129 385
65 31
150 221
109 47
116 128
33 47
143 139
121 57
127 393
89 349
35 25
75 158
76 273
60 385
104 373
103 283
70 198
64 110
51 340
103 337
107 381
76 208
134 266
109 77
119 371
148 176
96 15
101 13
137 370
91 319
112 44
149 72
96 149
104 77
64 334
64 274
60 244
121 393
31 184
144 383
93 283
146 320
126 198
103 136
92 10
95 328
108 40
127 64
144 307
150 142
147 214
82 248
47 103
63 247
43 395
47 230
70 300
50 187
58 231
123 133
110 220
149 138
100 189
95 297
38 170
122 324
98 40
91 126
70 348
126 363
70 15
81 279
35 329
99 144
39 260
100 393
113 132
77 53
123 351
135 246
137 108
59 35
83 381
100 68
109 76
49 42
40 122
150 79
82 52
101 340
71 82
44 256
132 53
88 390
98 243
36 214
72 188
45 333
70 297
74 125
33 26
114 279
67 37
121 224
124 132
107 285
133 23
85 96
148 234
128 266
33 273
110 10
130 359
106 357
37 308
96 32
71 52
76 354
113 244
70 235
94 240
115 41
134 44
65 32
113 117
106 69
83 292
106 300
91 10
112 134
46 276
75 95
103 157
65 277
59 139
54 162
62 378
48 11
142 339
65 314
120 205
32 238
59 10
57 87
138 298
54 12
142 324
81 144
98 219
41 178
54 263
36 351
146 374
96 155
74 198
138 385
80 131
117 36
120 335
134 262
37 86
71 315
130 325
93 143
106 114
147 337
58 303
83 41
48 108
71 19
126 200
40 342
138 86
57 103
121 360
79 289
88 227
73 205
71 399
98 5
41 209
122 34
148 291
61 342
73 184
72 165
90 104
132 318
123 127
39 264
56 143
87 153
109 63
130 396
31 62
104 148
40 219
58 375
57 309
58 335
114 160
111 220
147 204
116 112
51 142
55 146
82 368
34 397
149 129
31 201
148 139
140 385
73 44
89 221
141 282
56 217
32 398
136 196
140 113
71 294
74 75
139 28
69 40
119 328
63 244
111 377
121 8
68 173
112 65
87 225
67 355
140 13
121 162
30 201
150 191
43 22
46 103
109 194
73 393
94 85
35 328
66 139
128 103
40 41
103 8
101 103
115 289
49 283
54 249
79 18
61 8
40 106
123 306
66 368
137 385
141 51
119 224
74 308
50 53
61 217
48 219
48 181
86 349
30 344
118 225
87 92
92 171
64 249
100 297
79 18
117 70
86 184
98 291
129 69
54 380
70 6
109 342
122 44
65 31
66 239
114 194
53 268
32 176
51 334
67 255
123 122
61 201
34 111
98 196
132 50
43 353
71 182
101 166
48 400
102 22
107 303
49 119
56 324
85 305
51 392
57 325
135 265
74 182
66 61
78 135
102 70
111 349
128 377
135 102
136 50
106 107
98 196
143 104
149 358
40 265
104 104
133 33
109 184
33 383
142 107
88 216
30 392
67 95
122 254
45 169
54 100
72 59
62 106
36 150
30 374
44 114
135 335
91 214
114 339
41 261
67 317
32 155
102 271
56 203
85 114
40 198
75 254
141 39
116 252
121 224
45 141
54 365
46 182
111 18
48 269
115 11
142 81
84 302
111 174
127 171
34 329
70 82
62 232
91 385
144 298
46 338
77 73
61 322
39 79
62 191
116 54
83 113
141 18
121 45
107 342
125 187
136 299
124 221
119 98
138 275
76 343
106 312
34 337
63 332
79 360
46 259
43 149
131 215
46 38
88 39
106 207
143 286
48 222
124 342
87 196
41 16
39 122
51 8
144 196
143 393
53 224
87 262
105 87
123 140
32 221
55 133
120 281
53 162
96 222
67 44
105 226
133 360
70 224
69 348
135 175
96 13
44 400
52 45
96 123
110 143
143 189
76 327
92 239
126 93
126 249
120 246
104 347
127 200
51 251
71 167
138 315
82 157
41 220
99 263
77 144
104 344
109 336
49 293
68 30
109 35
84 147
138 128
79 357
31 113
35 58
139 289
55 324
136 378
54 381
131 356
42 305
113 273
84 329
93 228
70 336
61 400
126 224
127 86
37 110
46 263
76 166
42 249
111 221
110 261
65 14
90 341
62 285
136 284
103 129
48 28
46 49
107 286
146 349
144 154
41 15
124 159
66 207
147 112
103 226
84 349
89 214
126 349
113 35
68 255
43 89
41 120
100 129
99 22
33 231
113 363
127 352
104 62
100 106
55 290
84 330
135 379
142 210
126 15
113 291
109 108
110 47
66 325
36 247
69 35
87 132
131 317
144 325
147 263
148 177
114 361
125 127
61 296
66 320
52 71
93 150
107 135
143 233
76 326
127 215
115 359
143 175
43 179
147 287
89 134
135 80
99 205
74 25
58 377
137 106
103 251
38 93
121 225
109 50
47 130
115 351
46 128
