2930
1000
137 48
92 177
131 214
107 68
69 74
85 283
145 399
52 300
38 97
130 212
140 35
54 168
122 334
121 37
149 134
49 345
37 176
146 362
123 86
149 111
62 196
79 194
105 35
66 108
43 282
32 68
109 350
53 131
137 86
99 167
57 380
95 33
55 331
74 139
143 135
150 176
95 128
45 202
86 320
48 67
84 211
114 309
82 80
88 272
37 370
105 274
107 250
49 129
135 112
41 136
122 334
100 20
81 114
83 321
104 325
133 386
145 173
59 157
115 275
59 162
108 34
98 344
109 16
120 316
57 118
147 380
78 290
119 319
119 196
33 273
126 343
134 344
83 273
98 322
59 388
129 102
67 61
124 363
34 122
76 218
37 75
79 67
117 261
96 237
47 68
53 14
128 183
51 30
97 323
135 394
68 274
80 99
71 320
40 372
92 23
149 91
125 47
76 102
135 152
131 34
64 135
126 381
121 241
52 27
134 78
32 373
77 191
114 315
145 376
125 399
54 48
69 25
80 249
148 186
102 366
126 153
124 221
59 178
87 239
61 170
100 30
58 175
143 245
146 241
45 385
87 331
31 166
65 146
53 42
83 272
65 365
47 26
135 270
121 190
32 104
137 308
66 364
37 76
73 187
44 271
79 254
112 330
126 244
147 222
82 104
138 136
48 45
55 281
46 155
90 390
50 240
38 12
138 143
48 376
98 50
135 199
38 92
65 247
141 201
41 101
68 129
129 240
98 202
125 256
133 201
63 131
97 146
49 328
149 307
107 364
117 102
71 14
58 218
135 184
148 227
115 62
67 386
53 263
97 242
137 305
88 290
98 294
114 346
92 324
95 370
95 296
36 160
135 150
67 361
91 162
34 228
41 239
91 391
90 231
123 14
136 148
58 148
48 303
140 195
142 139
58 16
44 324
88 315
66 34
124 327
111 170
38 336
78 67
33 86
108 332
90 290
99 184
126 199
69 392
63 263
139 34
76 92
84 212
81 269
109 59
31 209
150 245
40 289
47 183
85 34
110 354
114 174
37 229
142 93
30 285
83 367
103 362
130 63
74 109
81 242
72 383
48 342
79 126
30 359
78 63
126 169
67 72
101 297
31 198
120 132
106 65
51 319
146 109
146 76
59 365
32 168
30 114
140 125
89 367
72 112
142 366
81 81
34 376
132 293
122 246
54 83
31 209
137 37
50 378
111 118
119 20
45 7
73 160
84 388
124 183
52 199
57 299
40 360
75 120
125 308
35 218
134 81
102 371
124 169
47 374
66 315
131 397
99 275
54 33
44 129
54 27
100 51
122 395
123 257
98 248
104 62
35 243
105 39
45 361
142 281
97 181
144 15
131 291
53 143
50 261
131 119
99 119
150 215
125 311
135 188
146 39
35 86
60 398
42 116
92 384
104 358
53 146
32 31
109 87
47 208
69 71
106 307
95 331
127 292
98 308
106 282
111 161
78 181
111 84
103 99
55 125
33 186
53 399
133 49
69 281
51 201
81 77
118 269
51 146
150 171
78 173
63 329
56 180
96 322
145 270
66 22
111 360
85 17
62 80
90 157
135 160
89 239
137 348
122 188
119 245
58 306
73 264
42 336
117 65
124 395
71 30
146 210
124 30
116 278
51 291
114 361
64 181
66 238
90 150
133 313
105 45
148 294
93 259
77 283
94 85
43 313
76 193
141 159
107 185
89 26
65 122
44 14
47 141
30 326
36 111
130 170
46 183
102 385
121 215
51 42
118 355
113 23
91 240
93 241
51 19
65 342
37 324
102 375
139 274
111 238
129 178
131 137
98 360
118 99
33 124
39 79
119 385
36 81
113 8
130 261
83 67
44 363
113 191
35 199
98 25
92 19
36 338
95 184
84 25
59 310
143 234
112 222
147 376
56 292
52 306
42 239
107 219
119 185
104 336
49 33
134 300
95 194
81 336
84 170
123 301
135 83
116 377
84 108
53 276
114 261
70 297
127 260
136 10
104 320
121 188
79 241
107 165
115 139
71 262
77 41
47 139
53 287
53 87
83 89
149 226
76 252
140 384
62 343
40 251
52 237
46 365
54 64
51 68
122 348
42 68
148 127
85 360
44 67
79 361
145 116
125 378
53 93
117 209
141 314
48 162
43 117
98 154
79 108
112 169
91 172
112 225
41 119
147 308
42 303
69 161
109 231
35 252
103 385
87 25
71 204
127 151
70 239
34 262
47 60
33 179
39 244
142 249
60 230
99 296
79 65
129 94
38 68
67 332
42 103
134 5
144 50
61 277
121 380
45 303
34 385
89 34
110 232
41 266
143 146
103 104
36 58
113 137
145 201
43 226
67 163
38 55
94 205
124 215
49 231
135 64
101 107
109 393
123 184
107 321
150 226
124 134
141 318
96 10
142 301
142 176
115 184
129 195
49 16
120 357
63 101
88 260
68 74
44 263
64 44
94 242
57 286
54 150
40 135
148 358
129 62
47 138
114 312
48 77
118 122
88 122
79 23
83 304
68 297
109 318
142 7
64 156
148 74
83 304
128 339
46 201
54 119
127 68
96 86
130 396
104 16
33 278
116 47
89 338
105 363
147 135
85 30
36 200
141 224
43 57
43 216
68 263
73 178
69 123
60 265
99 116
44 9
78 196
140 90
44 17
89 379
32 391
32 87
98 254
102 73
67 233
134 127
131 265
123 221
76 194
39 183
92 203
52 373
105 336
140 251
100 161
73 330
65 299
148 207
74 197
106 357
69 267
71 205
146 211
51 380
125 198
148 343
30 176
93 257
50 349
123 194
34 257
37 157
40 223
96 388
125 207
61 216
100 35
121 364
32 227
116 82
34 46
97 276
57 18
103 286
50 129
33 375
71 271
144 137
110 163
138 165
75 77
110 54
48 103
34 200
51 264
48 394
52 142
41 139
67 13
79 164
59 93
144 163
83 171
80 252
91 191
61 152
75 281
82 283
142 204
131 178
124 131
82 283
40 287
41 274
133 339
150 249
49 229
149 358
46 395
129 103
120 372
110 68
130 156
92 93
134 369
67 78
138 192
100 203
129 338
96 303
116 107
31 213
43 168
51 44
147 54
148 72
113 139
94 49
85 266
73 205
105 47
112 237
98 377
46 360
94 153
142 319
62 312
86 94
128 68
110 377
52 279
35 216
60 164
148 12
134 273
90 129
61 23
119 296
138 321
91 295
60 338
47 286
65 125
50 258
139 317
88 322
135 262
112 21
83 96
61 273
124 363
133 6
95 196
121 131
129 260
66 361
86 62
96 212
80 181
59 199
78 168
87 135
73 351
123 31
69 23
73 392
99 288
58 201
55 311
61 227
53 60
89 65
80 347
118 7
141 133
44 101
93 50
100 293
121 12
51 333
117 18
140 36
106 293
40 252
48 152
83 266
81 394
116 106
135 331
39 42
35 356
125 283
64 165
113 276
76 233
141 140
32 137
123 368
61 106
139 112
85 31
127 325
55 72
118 172
131 176
93 355
39 247
114 5
147 172
87 289
64 280
115 329
41 182
127 120
59 194
33 254
143 265
117 224
70 392
115 340
47 219
95 102
100 158
144 341
70 262
30 28
66 112
148 373
97 153
148 260
133 322
74 69
49 221
107 304
87 66
86 311
79 260
48 400
125 30
42 271
121 226
132 185
104 82
43 7
76 274
46 316
56 383
60 281
132 47
78 208
102 388
134 36
124 65
149 346
76 153
121 245
54 331
98 276
110 192
101 122
139 300
93 99
127 328
31 262
67 101
106 72
49 119
74 290
146 203
83 259
141 144
111 258
114 131
132 302
149 133
129 337
136 295
87 103
30 249
53 311
120 243
84 68
51 394
128 339
111 196
43 279
37 296
80 366
53 307
120 318
60 31
77 290
82 323
81 337
61 209
135 306
70 179
144 96
150 400
53 221
71 98
52 126
38 296
131 26
50 288
41 17
63 99
139 108
41 368
127 244
45 204
77 88
73 47
98 312
75 388
56 243
91 136
97 300
39 157
147 43
83 261
46 120
120 162
59 373
83 26
124 56
132 98
145 390
150 190
141 290
135 74
142 255
32 257
113 385
52 284
48 156
111 255
127 70
74 363
104 163
145 336
71 365
31 227
143 341
125 382
64 261
144 368
98 219
95 92
117 264
110 355
100 362
76 224
104 219
141 190
119 308
146 158
135 255
106 43
119 335
91 138
118 203
47 370
44 106
91 376
62 259
51 6
53 197
79 108
36 209
68 227
110 279
130 141
52 379
89 338
108 314
116 132
123 261
80 192
97 244
103 106
39 329
137 162
44 102
73 260
88 24
56 77
124 303
61 86
69 262
111 179
114 72
75 127
79 326
52 150
122 387
72 309
143 325
108 122
85 173
45 108
134 243
100 116
126 36
68 175
33 178
95 250
116 378
132 186
123 338
115 354
117 136
61 356
142 326
137 197
112 143
106 222
33 310
74 361
55 203
99 40
89 352
35 385
85 240
122 83
94 357
126 144
102 296
50 145
80 308
37 92
71 65
95 300
92 176
98 76
