11700
4000
41 25
52 366
58 300
141 15
79 195
32 218
119 294
120 314
121 45
31 358
130 216
100 92
46 394
110 367
42 397
48 89
136 232
147 339
94 130
58 123
109 354
102 247
110 262
43 103
80 207
115 15
66 276
64 52
102 245
141 226
138 230
30 166
147 70
73 347
38 176
142 131
79 111
50 189
64 317
51 167
78 101
44 33
125 67
62 370
129 53
84 124
58 22
81 317
72 7
93 207
138 243
63 41
40 335
90 263
42 116
84 304
113 29
125 353
36 123
124 183
69 118
54 207
54 233
81 26
140 300
124 229
144 395
105 146
144 164
149 108
145 254
54 75
45 304
36 270
34 345
34 250
98 266
40 73
72 203
149 187
107 309
139 84
56 179
42 275
106 274
131 75
100 137
61 374
32 268
66 42
129 263
121 267
31 185
49 134
32 308
34 49
67 169
52 153
99 240
123 121
59 263
80 257
146 191
107 84
39 216
45 82
93 210
103 129
71 75
139 302
121 95
111 243
142 254
62 126
103 379
121 46
101 236
117 300
82 399
84 109
134 5
60 61
115 115
71 253
34 74
126 243
35 373
45 28
114 101
73 42
71 324
61 152
125 271
33 126
85 32
30 352
120 217
33 345
79 266
36 362
53 7
150 33
48 371
111 288
147 31
84 110
90 369
95 358
132 209
85 173
34 365
97 113
73 59
39 121
133 79
56 370
141 81
63 14
31 224
75 19
47 189
78 183
109 24
39 9
52 323
74 228
92 133
76 25
51 386
144 300
115 42
98 83
43 391
75 93
133 275
134 284
141 295
134 103
121 60
128 34
141 65
108 125
106 132
142 137
94 81
110 32
40 228
60 57
53 312
126 349
37 358
81 221
145 221
88 100
39 116
115 57
108 107
64 351
71 265
45 170
71 167
97 208
134 62
60 273
45 391
131 314
137 340
124 327
112 21
78 106
118 99
140 374
112 38
111 182
37 327
115 250
56 209
110 286
118 185
49 223
120 275
116 222
76 314
119 151
52 398
149 268
30 354
106 293
72 286
150 62
112 319
139 338
30 316
57 276
100 130
63 246
82 68
47 163
32 69
91 54
31 361
39 140
90 208
141 356
135 157
40 59
119 201
95 248
51 290
144 131
60 327
90 291
63 108
36 233
30 364
65 312
47 343
35 154
148 73
87 126
94 182
67 250
146 225
79 71
60 10
79 117
140 353
100 60
57 153
145 120
132 66
139 209
35 136
61 133
150 22
109 37
38 172
130 202
35 81
45 351
37 67
74 138
95 255
100 132
141 352
47 291
141 74
37 266
88 309
40 294
150 238
94 173
63 253
34 82
122 9
32 62
31 359
128 261
43 221
91 252
43 304
94 224
59 283
89 321
76 39
105 341
108 45
40 52
122 314
142 286
139 220
55 71
107 53
149 335
63 224
127 223
130 144
48 224
137 174
43 224
75 110
85 248
68 334
144 353
46 87
45 96
79 59
110 150
42 344
73 222
103 97
135 212
133 339
129 138
62 36
72 14
85 219
86 18
32 143
126 294
95 321
145 185
76 124
116 295
136 384
132 61
50 177
31 239
137 103
144 141
113 256
143 28
101 100
48 301
124 353
49 376
113 274
146 297
138 74
135 264
84 12
113 40
110 198
124 372
132 160
47 73
75 124
48 255
97 228
149 359
51 379
77 99
116 35
96 259
97 387
52 103
90 154
134 351
33 193
49 257
64 86
108 137
44 178
118 58
91 313
59 387
61 252
35 100
69 185
97 133
130 137
32 135
57 346
93 8
65 125
44 400
76 130
41 242
95 348
129 101
144 231
120 369
32 134
97 243
113 218
30 316
111 343
73 300
117 250
33 246
69 387
123 313
61 249
130 153
115 25
84 286
93 268
77 380
55 246
119 249
56 338
110 174
118 343
58 230
81 297
58 275
131 40
116 100
32 80
144 19
113 33
30 163
120 348
138 151
132 147
147 313
34 360
131 100
65 167
93 341
49 187
39 54
43 205
139 105
83 101
134 270
66 18
120 95
108 49
119 73
61 168
56 163
41 182
146 337
77 134
79 221
140 177
99 218
129 351
54 248
146 51
81 365
49 227
34 130
144 306
50 301
84 34
79 194
123 258
142 171
130 330
128 63
53 150
86 171
141 302
146 35
114 337
66 171
62 182
82 390
48 287
133 253
84 209
106 148
74 94
87 361
80 122
129 353
74 219
93 201
98 206
74 49
54 250
35 40
125 6
120 346
122 119
148 285
138 136
66 301
129 220
93 255
83 148
149 236
122 381
42 373
35 45
63 123
148 316
145 377
92 66
147 73
142 260
59 216
112 221
62 304
49 185
70 287
85 32
53 23
147 225
72 105
95 23
141 348
70 330
132 14
93 154
115 65
81 122
56 185
100 254
81 22
54 85
38 367
79 279
35 28
139 365
131 46
118 327
147 221
52 40
143 312
74 127
60 359
50 249
62 49
139 290
54 100
34 188
31 51
81 204
32 231
108 133
104 301
111 389
62 126
79 43
51 359
144 261
51 195
129 296
35 235
66 270
96 145
33 142
101 229
149 124
60 241
144 312
35 203
98 202
85 320
127 77
132 60
54 68
71 298
125 195
109 180
42 219
63 398
55 24
91 113
140 25
116 311
95 325
42 40
50 12
87 99
57 297
68 319
94 352
59 218
145 288
142 318
121 304
112 278
60 172
41 133
143 59
132 318
95 177
114 174
43 57
52 219
52 279
52 377
113 376
75 238
61 301
145 312
33 29
120 88
58 384
59 361
96 210
145 221
95 187
57 108
89 13
54 203
150 72
52 179
150 75
84 185
74 346
78 295
134 230
108 52
135 385
120 315
143 330
105 16
123 34
77 54
86 21
70 389
91 385
105 60
118 76
92 9
116 88
138 132
41 169
120 217
41 283
125 251
36 89
100 322
138 170
80 385
142 142
123 120
81 5
76 73
135 160
107 328
87 50
150 147
99 59
92 203
95 332
115 297
73 162
36 354
44 154
146 227
146 380
89 48
84 385
106 316
38 156
35 100
111 150
73 127
127 272
57 27
105 197
118 96
50 263
87 78
38 320
94 199
98 211
85 102
65 88
56 21
73 267
45 231
121 77
131 380
145 184
86 261
82 348
129 344
146 71
56 334
64 357
79 267
134 242
140 195
35 240
121 45
64 177
78 32
56 257
35 292
84 80
84 216
38 163
75 204
71 230
88 145
33 43
116 161
134 233
42 53
112 159
34 31
99 170
133 90
101 251
100 329
102 161
38 106
131 398
40 113
38 27
114 188
128 265
140 14
83 351
63 126
86 195
144 37
76 210
76 130
135 383
37 310
30 348
34 293
54 308
133 300
98 399
34 348
93 240
79 348
62 133
58 27
131 200
32 282
117 336
76 234
127 353
79 153
92 260
120 24
97 24
44 329
42 340
38 31
117 361
63 72
102 140
137 11
116 68
30 275
131 251
107 253
104 181
45 394
124 333
35 268
97 260
54 168
97 364
107 95
131 136
137 40
87 248
35 249
43 365
63 33
121 42
43 197
111 194
98 118
60 261
56 281
72 92
124 251
50 34
148 281
137 17
46 54
38 285
39 141
54 136
115 182
61 272
91 220
127 285
82 140
143 249
67 171
87 307
56 395
150 256
137 21
128 256
86 312
121 79
99 391
114 108
94 240
74 120
95 279
45 151
95 210
39 296
142 177
69 282
43 344
59 140
58 106
36 54
118 368
31 232
122 328
37 359
130 298
123 351
65 110
48 334
107 102
146 251
33 92
70 214
87 115
47 9
50 106
107 266
133 371
93 80
71 331
50 48
67 86
137 354
118 96
61 301
51 177
150 38
143 40
110 80
114 131
36 144
104 194
146 198
35 169
126 25
89 142
131 158
97 319
137 200
95 307
30 239
77 116
111 298
104 355
96 183
147 237
57 189
104 282
113 82
53 17
149 185
69 207
91 361
88 234
133 163
95 69
37 204
119 304
45 94
35 300
61 257
133 86
71 327
75 385
135 286
89 323
105 107
101 263
63 241
133 131
142 394
32 200
112 227
34 197
104 22
116 121
108 141
76 138
115 366
104 126
51 354
97 107
137 273
83 286
82 295
93 233
107 334
145 100
46 97
33 257
36 147
149 49
83 231
121 210
141 166
118 394
47 221
130 309
75 364
102 282
58 283
135 296
42 119
92 275
80 386
61 384
131 185
115 46
63 238
134 108
145 207
34 361
115 219
146 151
99 354
84 79
34 261
137 44
74 15
34 354
121 378
60 70
81 282
44 347
100 399
74 62
89 248
45 361
70 211
48 301
34 361
30 80
99 386
69 86
36 236
52 377
114 288
119 64
38 70
46 169
124 239
36 127
149 9
146 186
60 343
47 267
105 190
134 265
34 198
104 205
145 96
50 382
52 268
144 114
105 53
52 251
48 143
78 343
38 357
139 361
66 249
90 291
49 40
81 23
136 22
58 222
98 154
33 60
76 19
74 241
33 57
85 185
58 329
74 331
76 303
62 94
118 233
87 212
39 123
138 131
50 89
93 277
86 334
86 292
33 18
47 131
134 54
109 20
74 94
140 121
90 341
145 59
108 108
43 356
129 189
36 379
42 368
122 248
106 65
114 135
37 17
60 88
60 353
91 39
105 339
39 126
31 61
45 375
40 23
144 375
47 291
120 96
46 47
85 262
80 311
149 302
74 283
109 297
46 201
36 110
37 353
150 199
111 193
89 272
78 293
98 286
31 10
33 8
80 142
62 175
96 332
115 5
84 175
74 170
132 172
134 221
131 256
46 88
72 227
99 298
60 388
34 296
45 123
122 71
117 96
67 314
142 189
103 342
127 102
146 18
66 111
66 165
51 22
42 189
103 119
59 398
105 92
150 43
81 102
64 48
124 56
77 303
68 233
149 9
150 275
147 205
81 288
143 76
64 299
99 187
105 185
36 73
101 61
35 67
49 27
115 122
116 262
106 338
63 285
111 42
137 300
90 163
118 228
80 385
96 108
49 183
121 362
89 387
88 5
79 195
101 51
92 106
38 135
79 81
127 39
66 90
52 365
90 131
138 327
48 342
99 261
55 248
112 295
104 82
146 127
123 28
41 214
63 160
61 374
43 247
141 282
114 392
128 265
142 37
104 22
85 19
117 287
58 368
146 333
106 36
78 272
33 257
99 89
45 109
34 340
117 288
72 157
77 354
142 319
84 298
136 169
106 281
149 235
99 274
128 383
142 141
116 25
39 173
122 225
61 119
81 73
150 330
135 290
89 218
122 170
60 118
130 315
140 348
75 273
96 223
105 225
56 37
107 63
96 185
126 39
64 209
48 190
146 189
133 187
131 338
76 178
42 207
46 321
33 195
134 218
80 397
139 260
36 137
73 219
40 380
125 325
48 336
67 82
56 151
112 367
97 224
144 372
126 391
135 301
119 17
57 262
98 207
109 161
111 53
150 28
71 108
37 49
98 254
33 120
150 162
80 317
59 337
137 307
130 255
64 384
34 251
101 139
126 321
66 184
86 179
87 72
98 37
100 226
35 43
91 199
93 260
40 250
40 149
99 264
34 72
65 369
87 138
56 369
35 102
147 398
51 47
65 145
77 63
133 201
79 235
72 361
72 129
106 9
104 250
98 228
52 250
150 69
127 278
88 239
54 196
36 172
35 336
53 268
32 249
71 266
115 384
123 277
57 51
78 28
114 174
59 50
101 53
62 325
119 193
114 147
33 165
135 9
76 365
42 11
112 61
128 209
86 283
126 222
102 182
113 58
37 133
124 380
147 88
131 231
80 201
67 359
98 66
138 164
30 350
96 132
55 127
92 127
98 267
130 33
63 81
135 397
89 51
116 101
99 289
101 148
136 235
145 316
131 218
107 82
125 159
73 126
42 246
107 204
89 32
141 284
146 311
128 111
79 373
100 369
148 170
75 156
38 83
33 9
129 251
33 29
108 334
140 154
66 13
102 225
48 118
105 102
131 398
45 266
91 240
145 151
50 101
111 259
121 268
32 347
43 73
131 323
88 203
36 23
143 381
142 276
123 261
84 199
33 389
48 45
72 380
79 216
112 399
94 211
126 272
101 356
120 244
62 33
81 391
72 370
103 317
103 267
139 17
144 87
38 230
120 382
89 307
45 389
144 147
136 318
45 270
127 90
79 393
100 296
55 21
116 277
48 319
82 375
45 168
132 171
36 372
70 194
64 222
43 5
67 71
96 23
42 323
143 305
62 35
32 296
51 81
31 231
48 87
61 38
36 92
142 248
130 345
101 9
144 170
127 130
126 48
138 346
87 246
119 272
109 152
30 119
125 343
33 327
74 271
113 155
129 153
59 153
99 385
123 43
66 41
78 226
77 143
137 347
114 79
143 292
68 147
118 78
35 281
37 75
65 357
140 18
132 210
76 197
145 356
67 272
55 188
124 290
104 220
57 273
112 115
86 157
37 241
112 276
92 327
71 80
46 206
145 234
145 257
101 210
141 135
63 106
57 126
55 268
42 326
104 310
59 215
143 397
137 161
70 302
59 386
52 159
38 261
122 305
64 313
136 103
129 264
114 158
82 294
47 122
67 335
46 345
136 145
52 119
142 327
44 231
80 70
129 224
40 361
128 195
60 361
147 316
126 120
107 108
135 389
72 217
40 329
70 127
113 65
36 221
110 30
127 269
40 40
80 381
32 166
90 111
84 386
39 394
68 26
32 280
51 78
97 123
149 284
143 328
84 251
47 296
121 265
62 207
54 248
74 84
87 114
41 92
139 330
95 132
94 141
69 290
130 331
85 182
31 97
35 138
105 99
127 291
144 220
49 147
107 10
138 102
48 335
43 388
127 9
99 382
142 248
101 155
119 168
79 47
115 255
146 38
76 34
44 335
119 14
88 398
135 8
34 168
89 106
87 138
96 66
85 317
71 299
38 198
46 248
92 179
97 163
86 181
141 319
135 364
41 216
93 39
47 296
141 77
87 138
104 147
121 59
117 178
107 189
43 381
47 193
135 32
114 312
64 187
53 101
35 119
127 337
123 342
57 148
41 158
68 191
52 70
135 20
129 270
136 398
116 77
113 329
121 340
143 59
70 168
39 98
111 9
137 217
120 353
123 385
150 214
81 374
115 21
38 139
53 250
85 359
103 257
80 233
107 398
115 294
52 113
43 377
83 358
104 44
70 221
43 16
102 350
74 160
112 137
58 315
83 247
125 342
33 167
49 5
95 13
97 335
61 22
99 343
42 94
63 321
121 115
58 266
81 279
84 151
89 310
44 361
127 219
129 99
65 16
47 81
66 155
106 322
118 39
124 169
87 222
137 283
66 197
146 156
81 333
78 308
71 184
109 239
145 362
141 387
99 206
119 300
64 81
59 286
129 312
142 199
64 289
85 279
100 190
148 248
34 219
77 262
128 341
139 183
88 95
96 7
63 199
42 244
107 324
106 225
131 7
48 235
53 142
101 205
56 74
104 237
129 371
95 34
67 367
92 66
76 313
88 40
78 163
144 157
114 288
123 256
82 267
103 254
148 321
63 215
45 16
61 231
119 192
46 256
125 307
51 371
139 222
77 65
97 15
138 367
62 276
35 248
122 113
76 290
103 340
47 388
134 312
92 368
84 54
93 122
128 261
127 266
87 134
114 203
136 26
128 258
91 82
103 66
137 134
35 180
68 41
59 198
90 199
86 82
83 210
82 209
104 9
35 9
31 288
51 319
117 26
36 186
75 351
73 266
148 343
80 131
42 380
81 26
39 335
43 201
69 296
119 164
78 323
120 229
51 100
76 120
138 86
76 117
81 91
138 50
148 88
30 77
122 203
87 357
86 149
125 200
74 166
100 177
77 75
149 132
142 390
136 188
50 170
147 84
112 399
46 197
50 344
138 189
36 123
137 160
72 104
141 330
113 286
130 126
91 255
42 18
138 384
56 68
50 321
35 281
52 249
116 103
150 103
116 250
137 230
142 378
150 69
135 243
134 58
129 153
131 37
96 338
48 301
134 115
108 286
140 6
126 80
59 270
54 283
56 323
41 118
80 25
98 286
50 97
72 393
139 343
111 150
37 209
37 248
92 375
112 217
90 391
70 91
109 55
121 233
56 363
67 324
95 148
104 164
64 399
72 390
45 379
61 163
64 339
95 131
128 188
53 199
46 243
61 178
94 53
46 46
70 30
66 141
113 270
51 245
73 49
81 384
137 143
139 398
44 165
104 200
134 236
59 246
68 208
77 33
102 345
109 272
129 359
58 77
132 253
124 94
147 135
41 19
141 223
108 195
93 293
122 165
123 335
47 293
42 157
79 34
37 364
75 268
73 354
75 144
148 134
150 281
51 375
108 167
76 205
92 369
39 352
69 17
57 73
48 391
112 303
120 254
48 117
116 112
108 243
46 229
42 177
47 72
90 283
148 396
71 128
127 268
105 30
31 284
149 356
93 329
59 59
135 271
97 333
112 398
88 180
133 336
134 376
76 385
105 271
80 50
99 56
105 184
82 85
131 206
59 345
102 72
131 142
85 307
77 321
41 96
71 323
149 60
141 260
87 386
144 335
97 162
98 339
125 344
94 243
32 393
30 21
130 7
68 346
71 170
101 320
60 262
83 287
94 104
84 320
126 172
44 387
110 82
54 293
115 195
72 27
50 65
31 180
70 275
48 79
40 201
142 209
36 215
138 190
54 140
42 380
111 38
142 277
121 297
75 42
85 310
77 189
73 280
45 398
70 268
104 133
94 225
74 174
80 227
33 332
77 213
100 364
116 358
137 289
51 339
81 88
76 232
138 132
111 370
47 60
79 36
69 41
57 91
42 289
112 193
32 315
67 107
59 218
119 68
106 17
101 13
38 365
95 273
133 247
67 63
80 158
110 349
39 81
50 84
107 251
107 133
71 90
94 373
129 31
76 67
64 195
126 221
90 277
143 360
133 109
96 250
88 301
76 170
111 307
60 400
76 50
141 220
142 51
51 308
119 226
96 230
107 149
52 188
75 108
119 349
64 88
100 144
120 354
133 69
104 80
38 197
33 266
64 180
92 273
86 318
141 92
50 166
124 347
143 123
142 217
114 198
55 6
78 104
61 292
150 114
48 347
50 368
103 390
135 267
99 108
31 19
150 312
58 227
83 231
120 18
125 257
69 268
82 397
146 345
63 12
93 270
55 9
147 232
113 329
147 303
134 117
131 62
113 69
93 255
47 10
106 22
95 328
98 100
40 384
60 253
99 126
80 160
92 259
108 205
110 58
136 228
141 44
91 239
36 308
55 235
87 338
96 22
106 38
73 296
53 318
112 165
73 55
98 174
48 292
140 211
42 240
92 244
92 310
102 300
74 170
149 331
82 300
105 177
48 273
139 252
114 311
111 101
128 400
71 353
34 278
47 67
88 40
61 118
88 260
70 154
149 340
124 72
73 319
57 386
123 322
37 100
132 154
72 57
99 264
134 44
51 196
130 66
41 384
124 127
39 153
75 329
61 16
148 384
149 18
131 104
45 339
87 192
100 276
135 64
51 106
62 247
132 368
121 112
48 180
79 393
58 392
40 343
140 342
55 76
54 390
30 119
46 265
67 330
142 182
113 196
149 232
56 60
51 81
34 160
122 76
134 261
116 131
110 377
137 366
45 346
56 204
50 134
35 391
30 372
114 187
96 199
109 346
36 250
102 345
118 129
101 185
126 273
96 299
72 83
55 12
57 80
58 308
96 397
47 42
74 6
37 200
88 293
35 315
56 360
81 278
43 115
118 43
124 326
115 48
81 304
130 375
141 354
66 356
41 261
47 265
80 116
78 338
125 250
96 230
139 86
149 328
109 290
125 117
149 314
138 268
92 41
143 301
139 203
110 353
72 285
131 365
137 174
43 374
56 202
116 47
84 355
110 388
135 24
116 76
30 388
38 329
60 289
37 259
149 360
126 382
73 277
100 185
66 214
106 348
59 277
139 139
114 397
66 46
38 340
134 55
99 63
120 280
142 235
129 308
117 98
147 46
37 277
105 214
72 203
105 141
104 265
84 45
36 12
50 310
85 397
118 64
117 108
133 77
131 323
61 261
41 335
77 160
103 315
73 232
35 239
69 188
43 256
149 128
74 352
58 300
109 209
124 369
37 15
99 273
115 61
143 45
40 264
35 318
86 200
63 276
71 232
30 56
131 331
119 164
66 67
37 352
57 288
144 19
57 230
79 37
37 82
141 14
34 106
150 245
86 342
42 151
70 50
87 30
49 287
108 34
49 282
146 98
98 380
146 181
75 16
126 377
57 190
144 70
42 382
47 65
38 168
80 11
118 346
40 132
119 37
70 66
89 27
31 56
98 356
119 12
30 108
114 191
140 22
44 105
31 316
95 400
137 10
66 88
104 207
79 106
53 300
98 272
66 107
49 6
142 280
146 179
41 229
95 229
56 207
110 159
101 238
61 368
140 22
95 265
45 6
79 214
93 241
95 34
45 177
75 128
88 363
127 104
119 270
83 123
65 387
107 56
76 220
57 208
104 98
104 153
85 94
91 239
96 154
66 247
120 13
110 78
72 297
140 174
64 335
64 185
45 102
107 135
79 382
43 295
137 327
46 90
103 394
106 307
65 357
87 384
102 5
36 258
48 176
129 319
116 91
38 239
69 242
91 178
61 25
134 280
148 99
118 87
36 206
48 297
113 226
67 398
54 337
53 358
99 224
52 253
77 288
89 189
88 10
70 388
148 259
74 375
50 134
33 42
85 277
94 67
51 153
148 94
63 284
139 274
65 377
91 152
98 369
101 177
100 184
120 383
100 184
75 111
46 287
40 185
110 18
145 198
140 332
125 195
33 75
136 380
110 28
137 143
87 259
65 395
65 374
34 382
104 135
123 217
39 26
138 213
38 144
42 225
82 331
57 210
110 108
140 184
145 49
46 85
41 347
94 346
108 384
98 394
57 247
52 234
116 84
83 221
133 353
84 149
74 340
143 82
118 105
68 285
98 232
54 77
136 351
101 171
106 378
31 45
89 282
145 356
68 387
43 343
86 261
103 45
71 69
91 111
91 205
44 327
139 177
30 335
54 181
32 323
47 33
57 400
97 154
122 187
111 83
138 319
104 246
78 73
81 385
95 42
77 12
109 72
113 94
127 247
71 286
135 84
59 28
111 203
78 208
137 84
38 283
85 232
64 364
45 342
83 391
80 40
115 166
101 327
138 346
115 146
48 98
148 34
34 28
58 75
104 235
47 124
43 212
144 151
126 214
52 9
148 127
91 76
67 335
30 26
140 79
32 352
81 249
103 337
52 201
56 57
73 239
108 69
146 75
134 142
32 120
135 89
116 157
146 230
57 265
129 172
137 226
147 165
41 45
123 347
74 111
122 140
65 254
101 344
124 330
44 18
82 343
44 89
50 193
35 379
76 288
101 372
60 121
115 53
123 261
93 297
73 12
121 325
121 77
106 202
85 103
88 151
30 347
101 82
40 336
81 397
59 103
53 99
108 312
137 340
81 14
99 354
103 16
100 107
44 7
103 380
129 173
86 19
126 96
31 124
31 330
88 206
97 136
100 84
133 136
80 161
105 187
41 56
58 20
102 158
127 184
61 252
123 64
45 68
107 306
112 85
132 313
140 383
137 53
97 172
35 261
98 238
103 209
98 65
100 391
132 264
65 193
63 97
87 96
48 384
42 398
96 297
68 343
121 136
76 60
100 230
142 75
106 201
131 225
93 85
73 332
94 213
38 98
108 229
68 98
71 29
89 44
90 19
129 76
109 342
107 98
38 294
44 88
74 138
48 124
61 289
102 75
122 81
100 37
113 118
117 337
137 342
88 363
80 392
51 252
125 280
52 102
108 17
67 85
60 87
147 210
72 12
64 198
124 278
130 69
42 113
45 358
83 185
66 70
119 90
140 215
45 11
113 292
142 150
106 97
127 326
74 375
107 223
39 235
64 361
36 361
47 260
111 104
33 173
101 232
143 11
38 361
32 267
74 262
124 94
143 17
148 164
32 242
90 213
84 104
87 185
77 113
40 231
42 50
91 269
42 289
104 58
134 108
130 20
147 11
132 195
43 121
39 307
73 120
114 106
89 154
126 60
84 227
39 261
44 257
74 24
148 229
48 292
105 141
111 49
59 86
32 378
149 362
72 151
144 250
31 81
59 86
134 374
140 283
135 193
122 74
86 193
116 376
141 355
122 208
111 393
144 48
40 391
80 181
51 180
69 271
141 153
113 237
100 349
147 233
130 273
111 338
93 206
94 215
133 245
42 138
68 351
63 364
65 112
141 99
58 202
39 29
138 39
47 43
34 20
147 166
79 173
136 107
55 153
59 312
91 136
146 230
105 129
98 399
150 221
112 144
150 123
148 261
132 36
106 308
57 344
56 213
83 359
46 231
56 144
118 371
51 37
46 59
86 133
142 115
91 47
86 278
53 360
84 154
88 112
143 360
114 363
44 220
32 256
94 94
37 271
92 375
104 232
127 165
131 231
107 127
42 384
143 380
54 110
111 114
98 325
142 132
96 198
112 81
121 34
62 215
91 336
74 48
126 123
64 336
109 90
75 163
144 38
136 117
112 86
45 91
59 112
105 23
39 395
125 363
55 84
94 185
39 305
49 190
45 370
46 97
61 185
30 295
83 131
68 106
37 34
41 299
130 139
149 340
100 225
60 98
66 52
44 150
46 277
47 399
95 303
58 391
106 274
61 364
126 250
88 293
34 76
144 131
128 155
126 220
150 233
102 387
107 226
108 312
41 226
30 341
72 303
105 308
102 27
72 107
110 31
128 26
133 103
132 122
48 52
100 53
69 62
79 161
100 35
36 298
136 272
105 397
87 228
111 182
100 327
106 73
49 62
118 242
52 327
114 202
42 250
36 237
125 105
73 269
119 167
137 176
141 271
48 288
78 191
125 103
64 273
46 364
103 380
53 14
121 22
67 69
113 70
51 29
120 327
62 178
64 76
136 281
98 146
134 21
132 335
110 314
54 68
37 90
148 59
128 234
131 166
144 292
69 372
148 14
118 259
125 5
46 271
71 271
129 11
114 277
74 359
58 106
88 201
61 239
43 81
51 81
74 301
135 380
60 342
130 237
111 121
129 370
56 74
78 228
45 99
124 188
41 311
103 203
45 60
38 323
83 184
54 27
93 328
43 167
137 80
150 343
143 300
86 165
42 273
61 341
64 82
77 310
79 342
57 180
88 249
107 51
98 295
93 35
65 139
82 216
35 286
127 96
66 353
140 16
78 82
55 371
102 83
112 248
124 198
88 125
96 253
143 221
127 128
69 374
59 341
128 134
141 312
70 120
63 389
117 309
133 76
51 79
119 70
136 164
110 320
95 248
110 182
106 55
136 384
143 41
117 198
129 197
52 63
100 84
77 267
132 178
45 218
95 58
148 317
106 14
41 131
135 219
59 375
134 359
102 311
104 155
121 362
52 126
61 74
81 266
93 191
83 232
133 182
47 400
88 68
84 89
58 107
82 96
90 56
39 278
71 153
126 299
132 43
52 39
142 228
132 111
53 300
115 257
84 277
117 342
144 40
130 222
97 72
42 37
54 163
70 300
103 214
128 241
76 251
58 132
146 353
149 165
136 384
46 334
82 363
107 386
119 249
147 120
68 160
96 288
50 355
100 63
70 372
86 177
71 336
123 190
88 193
82 37
65 111
40 158
97 132
149 359
131 236
106 360
131 279
85 294
106 280
96 192
55 67
77 185
127 143
35 32
57 330
132 355
64 244
96 346
128 97
80 225
81 332
38 32
139 193
85 291
31 337
138 225
64 109
57 322
143 362
135 201
126 214
92 8
118 326
58 131
140 200
145 161
48 207
92 316
84 122
87 140
110 124
138 131
148 75
101 327
133 78
110 42
66 233
68 300
50 248
112 12
72 66
83 279
149 337
104 389
138 234
42 161
61 185
46 391
62 25
47 68
51 249
75 199
131 214
88 323
110 80
110 266
138 303
106 83
108 187
98 194
150 331
37 292
62 147
86 310
146 379
143 183
73 45
46 204
36 143
59 212
50 161
110 277
56 162
75 336
54 260
57 283
149 71
30 368
56 149
139 32
83 74
150 227
99 243
50 232
145 384
116 134
140 359
109 318
83 193
136 309
138 168
135 134
43 72
125 307
31 380
55 83
51 391
82 245
118 190
132 33
80 139
150 150
59 276
72 8
133 313
71 67
121 177
71 37
136 43
82 155
50 341
101 156
140 22
111 76
150 182
110 247
118 262
44 136
107 91
61 311
48 107
75 328
34 92
134 40
116 253
127 375
38 138
33 224
85 76
118 280
79 357
142 216
98 280
101 43
106 342
118 132
61 382
134 340
97 70
135 220
50 141
55 57
98 85
67 193
143 8
149 251
131 38
74 14
32 343
45 328
45 117
128 234
127 289
85 363
124 67
147 131
103 67
39 175
40 205
96 387
64 228
115 116
56 133
140 255
123 351
47 295
115 379
61 264
131 97
126 102
122 251
30 249
86 194
118 37
148 107
139 154
150 231
41 350
63 287
136 169
60 79
130 82
67 167
68 168
126 169
40 76
127 338
35 238
66 279
55 396
104 21
101 21
105 51
148 384
143 272
139 148
117 233
30 388
82 264
120 389
37 255
144 250
52 299
85 17
131 353
64 197
81 30
104 371
134 183
138 345
52 200
45 383
32 254
126 127
138 298
63 38
44 356
149 73
54 321
30 78
58 390
56 124
79 252
38 376
98 53
65 214
72 328
68 206
35 197
73 8
66 228
88 329
140 187
56 295
63 370
66 232
91 221
135 391
67 280
106 190
135 69
34 108
106 391
46 165
112 78
92 349
52 128
86 134
48 326
109 312
60 165
87 370
132 32
123 200
87 316
73 52
42 247
107 306
51 61
127 167
112 169
53 249
76 303
74 103
103 57
54 397
39 391
58 214
59 267
55 280
59 243
136 332
132 276
43 153
123 389
144 101
36 267
123 379
109 114
116 64
54 105
64 39
37 129
84 129
44 202
57 133
98 260
47 267
120 322
74 117
54 399
91 27
96 83
79 251
33 108
108 157
148 31
78 287
109 231
91 157
80 163
143 175
132 313
72 93
118 283
63 317
118 141
88 291
104 237
97 25
131 108
149 183
122 206
83 317
36 41
74 273
73 213
106 350
139 389
140 105
150 75
96 397
72 139
60 111
31 24
103 333
124 58
49 151
99 168
42 165
63 39
147 395
40 346
41 148
128 237
89 42
130 299
129 65
46 336
109 205
132 81
119 395
141 76
124 239
87 329
107 244
120 386
131 122
130 224
78 86
79 108
61 330
30 143
145 213
39 394
122 78
85 273
108 364
109 40
103 396
112 298
96 104
47 277
123 34
141 337
108 262
63 59
145 329
124 377
138 230
87 130
134 296
117 42
91 384
67 202
67 32
66 12
115 144
39 182
133 214
129 131
39 240
83 77
100 277
114 75
110 289
108 164
114 334
55 301
92 11
143 249
57 144
42 215
86 101
106 377
98 144
77 82
106 173
81 290
61 278
30 92
38 314
98 138
57 275
145 89
64 290
131 293
61 211
50 137
113 34
41 304
34 318
30 291
99 198
91 183
35 337
96 193
144 95
105 12
127 151
97 378
106 99
55 178
123 214
81 127
79 112
34 284
128 228
108 245
63 106
46 376
65 364
81 366
61 112
136 157
39 246
148 262
126 378
52 295
145 164
94 136
126 111
66 135
149 325
66 212
133 56
68 195
77 11
126 29
123 345
126 323
42 123
90 281
44 166
86 142
126 81
34 90
141 50
73 135
83 396
110 315
143 60
60 299
128 25
124 169
66 252
116 63
88 191
61 226
76 357
121 294
43 258
141 126
72 93
146 177
107 195
79 354
61 152
118 6
131 306
40 314
69 34
96 182
148 146
116 391
44 190
35 86
142 378
77 202
64 49
70 290
78 359
142 149
89 344
83 239
61 121
132 134
69 242
71 293
118 159
103 116
123 335
101 192
45 70
123 322
107 222
91 143
54 125
110 304
98 201
74 310
60 286
113 230
122 175
61 313
43 162
135 104
90 62
98 340
128 309
75 11
144 282
47 138
142 163
68 330
136 123
50 115
88 179
56 23
115 120
115 89
116 24
44 47
56 163
88 115
124 290
85 349
50 151
59 177
48 294
144 280
71 205
35 250
62 279
59 40
66 157
46 171
71 265
81 256
144 52
113 96
144 124
126 347
78 7
90 275
100 300
119 52
65 183
124 349
42 184
33 168
46 163
51 357
58 125
110 326
108 250
105 145
85 132
137 248
127 253
125 218
63 365
54 161
96 158
35 284
135 353
145 111
58 271
128 340
35 114
113 364
113 348
85 86
74 206
46 276
77 344
142 52
59 273
144 310
105 52
74 283
81 114
100 40
48 271
64 332
90 371
99 113
111 226
104 14
149 346
139 324
49 46
79 316
149 62
106 307
99 236
141 345
112 104
117 126
123 335
133 211
83 183
85 256
129 325
48 238
47 321
131 380
77 171
40 114
98 203
95 376
104 200
106 67
46 228
84 318
62 222
77 145
65 203
107 372
81 207
59 88
45 95
94 276
46 178
76 128
105 356
66 331
112 188
49 32
86 156
145 334
119 335
101 45
97 255
93 142
40 46
147 361
33 224
117 60
103 302
51 233
145 274
111 35
147 268
33 350
53 109
127 45
33 255
149 106
99 355
95 105
99 197
79 326
128 359
127 137
108 233
138 204
52 380
80 64
85 110
85 244
75 86
84 320
129 111
92 122
35 320
92 187
111 159
140 391
81 306
43 354
144 329
73 30
112 80
93 154
42 364
71 147
142 128
135 36
32 393
33 311
123 65
51 330
136 241
120 131
57 109
98 49
138 99
145 212
34 235
31 235
119 134
62 71
45 110
97 252
132 324
122 73
37 291
48 400
46 135
111 49
50 369
103 387
127 341
98 20
116 70
95 162
69 291
102 168
115 295
119 316
76 382
121 308
88 183
121 345
101 209
74 50
48 61
89 147
52 323
134 261
59 199
35 59
42 291
146 25
96 178
97 135
106 172
49 386
116 170
55 319
142 293
121 94
55 362
124 130
61 292
83 329
63 366
94 321
110 55
50 52
113 22
98 400
78 126
111 88
98 345
126 345
144 162
55 399
131 27
111 7
135 352
88 70
79 244
145 72
84 318
93 126
69 392
57 345
68 299
83 383
124 42
75 244
112 264
68 127
136 281
109 27
44 201
133 287
144 199
36 255
55 118
60 20
144 304
125 209
53 230
93 68
132 288
60 319
102 176
63 15
141 96
64 10
131 178
53 357
136 148
85 155
120 298
141 79
67 112
122 263
31 34
114 242
97 206
92 245
41 238
66 215
75 177
112 261
150 254
41 156
68 100
63 69
63 326
63 147
69 233
31 282
131 190
67 127
129 65
140 165
113 382
88 343
55 60
125 194
141 89
101 7
141 287
119 260
139 261
121 325
137 317
123 80
71 109
59 326
95 95
122 371
70 146
35 61
57 265
91 72
107 42
137 250
41 169
127 386
75 304
99 100
59 327
123 9
100 219
101 306
108 316
144 230
117 294
89 73
103 232
126 229
128 248
44 38
144 139
142 322
72 326
93 84
90 60
104 283
96 34
58 218
102 236
121 215
115 161
81 211
70 323
90 297
103 308
137 83
120 93
37 44
104 258
78 198
102 299
104 290
56 96
128 159
87 325
131 200
54 78
33 271
30 327
59 216
87 366
146 294
105 177
123 48
133 328
58 365
42 378
119 327
30 36
122 159
106 54
129 319
132 133
82 154
130 107
56 206
73 295
133 23
65 65
114 109
124 218
112 259
56 330
54 47
147 91
143 194
58 322
116 372
80 49
119 160
64 142
86 314
121 120
30 123
90 116
50 184
130 383
31 194
66 356
53 105
79 170
59 61
55 376
61 392
99 107
64 328
141 397
69 39
55 85
65 125
114 16
149 26
80 319
45 54
39 71
114 362
89 236
134 284
101 46
75 22
136 372
47 76
106 193
136 392
36 225
104 279
78 369
60 51
116 214
119 39
80 201
46 166
