9969
8000
114 66
119 243
88 126
31 337
125 34
136 219
136 74
132 6
117 372
51 373
149 235
94 32
32 296
99 104
89 261
114 200
37 162
32 334
85 14
133 156
96 245
97 185
34 29
73 341
113 48
143 392
81 144
91 151
100 74
44 147
99 149
139 262
74 289
84 53
77 246
133 204
118 248
143 80
80 305
89 120
79 163
106 192
125 62
109 134
146 132
53 121
63 288
36 400
32 77
120 279
61 55
52 364
107 254
44 136
79 345
139 262
75 348
37 371
118 13
108 157
92 196
89 304
110 39
57 264
139 239
136 266
55 291
148 24
95 236
86 237
39 106
143 179
142 224
144 364
135 46
125 398
69 159
47 260
126 18
39 100
96 234
62 16
117 339
53 399
46 258
99 227
78 370
123 46
61 269
54 9
67 390
95 375
57 265
127 88
58 64
137 145
147 380
62 85
89 368
57 278
129 281
118 368
75 140
110 329
107 163
114 175
132 271
80 63
131 109
148 389
146 109
121 222
116 385
81 386
78 24
80 292
38 281
43 102
137 122
95 338
46 106
142 35
42 14
116 156
35 176
125 312
48 27
65 53
125 50
78 13
146 215
60 70
71 64
145 204
73 384
150 109
142 121
64 88
103 365
92 315
79 96
59 148
115 356
111 61
91 117
35 51
109 206
124 27
138 174
34 136
89 35
72 279
83 364
57 220
34 202
58 157
69 347
49 143
89 262
109 328
115 397
61 348
56 381
47 251
73 8
110 390
31 108
63 40
82 289
135 154
61 364
133 349
134 224
138 226
128 298
95 337
147 105
50 365
40 370
140 314
33 339
65 397
89 351
90 174
40 12
103 17
134 263
144 136
32 42
51 268
60 186
141 227
135 95
34 145
90 384
141 40
113 76
146 104
66 205
61 82
47 88
41 220
95 350
103 265
53 283
33 105
140 131
124 319
130 47
95 126
45 31
50 111
49 150
74 250
116 106
99 118
41 101
93 150
112 131
138 16
75 45
68 320
79 158
124 31
92 399
32 238
34 357
143 179
42 145
131 107
130 60
63 169
95 290
138 277
34 263
74 187
82 53
61 291
140 133
98 156
72 394
43 195
102 324
110 8
69 103
75 192
134 44
117 397
45 109
98 40
131 233
37 367
144 230
132 354
33 255
131 59
63 242
108 302
79 187
44 156
56 317
136 192
86 236
80 298
44 284
95 262
65 104
134 178
34 347
59 190
61 42
103 270
133 157
141 99
116 193
42 217
150 169
84 387
94 257
114 8
74 193
97 201
50 27
145 202
137 328
69 114
119 239
139 117
74 29
140 373
95 23
101 177
36 317
104 359
32 63
70 149
131 339
88 321
37 377
48 59
104 51
94 158
78 280
46 246
83 171
128 378
45 376
143 395
117 330
132 346
116 380
38 231
114 334
91 18
56 172
47 21
113 151
74 274
137 334
138 188
54 103
134 43
130 73
54 216
123 56
87 190
62 183
114 398
30 268
88 149
109 338
32 354
83 42
127 361
69 394
137 368
92 109
98 293
131 97
30 55
95 28
81 76
43 269
49 253
30 188
76 243
32 69
93 251
68 320
80 150
95 42
57 130
135 292
128 38
147 387
131 18
120 32
83 201
140 388
48 342
109 49
117 262
52 235
128 308
133 163
123 255
104 312
44 346
65 350
107 175
102 284
113 41
73 97
91 335
65 51
42 163
65 100
72 33
109 41
84 398
116 215
74 126
144 310
84 75
59 67
113 34
40 169
74 331
97 50
30 197
79 225
144 313
47 305
101 165
79 56
110 74
104 368
61 257
111 332
118 321
33 12
50 380
143 99
138 246
59 99
85 110
60 74
73 211
72 311
104 272
118 244
111 51
145 178
94 11
134 238
45 137
67 59
34 383
114 45
139 17
50 155
102 71
90 395
91 20
123 213
136 287
108 222
131 28
92 380
100 298
141 31
138 62
41 244
34 158
142 212
117 219
102 139
124 245
132 398
135 287
77 42
134 363
33 340
120 177
48 346
108 339
147 123
102 222
61 256
32 38
125 169
93 128
126 10
121 201
143 276
146 125
63 81
144 79
121 281
57 198
86 83
146 192
128 199
49 176
100 348
33 241
47 82
80 247
96 34
142 382
59 85
137 396
46 20
87 168
124 362
89 219
111 59
120 38
133 374
62 35
109 384
68 202
51 196
143 55
38 277
98 361
85 288
100 191
118 384
113 234
56 12
111 46
59 7
46 387
149 173
123 215
102 45
110 162
132 348
83 23
107 339
121 282
49 276
62 225
122 123
122 260
88 78
44 349
108 185
90 128
106 117
97 266
49 363
47 289
110 310
86 53
81 249
35 28
113 12
148 166
37 185
132 162
64 330
132 91
71 262
122 298
56 59
70 47
131 125
103 186
93 248
59 318
143 135
125 152
111 278
131 119
139 232
145 109
101 90
50 33
80 364
67 169
90 64
143 168
139 53
105 300
30 38
48 231
132 114
107 292
150 82
138 362
79 306
73 249
35 230
110 262
49 152
33 296
124 293
130 374
101 48
127 312
50 215
68 333
64 259
146 216
94 61
87 43
123 254
48 264
51 339
122 31
129 168
45 344
63 287
46 294
40 257
42 316
41 41
139 122
67 243
105 232
135 210
115 180
127 252
86 337
39 286
140 143
41 240
110 140
94 339
129 146
52 21
48 293
146 112
53 83
102 190
90 352
117 379
35 381
38 367
94 69
76 337
61 134
123 15
93 262
131 270
47 366
87 147
57 53
37 111
81 74
44 120
122 225
45 273
45 215
72 241
55 85
48 118
104 48
118 336
113 110
81 356
68 129
129 72
55 331
139 10
38 192
129 317
76 202
112 383
89 322
80 180
118 207
103 173
46 191
74 245
64 262
148 173
141 337
45 125
42 113
62 322
105 337
34 276
42 297
34 167
125 399
121 209
62 256
92 349
100 293
54 383
91 287
148 296
115 400
92 233
146 114
81 215
31 46
35 267
81 352
44 334
124 153
33 44
80 191
41 127
68 69
36 181
127 287
56 236
75 368
128 118
47 26
97 18
75 224
99 332
40 161
123 56
76 141
36 71
31 162
107 246
84 141
101 287
74 213
68 162
105 179
42 53
143 339
88 323
126 370
145 167
71 37
120 391
56 43
148 159
150 57
111 137
76 171
89 131
53 160
69 136
112 114
54 162
34 88
37 145
64 189
110 400
64 250
84 45
70 236
137 350
110 240
145 26
97 78
139 254
119 379
126 371
124 161
88 318
68 280
114 39
140 193
148 108
77 296
107 106
51 135
81 344
143 156
89 286
66 219
114 170
101 253
81 73
76 264
43 165
79 16
116 327
56 188
33 155
120 147
91 150
99 215
32 141
36 199
48 80
97 157
132 309
69 222
86 171
92 198
66 351
116 355
46 94
40 169
122 231
73 170
56 366
71 274
90 202
113 278
139 161
72 24
104 311
114 135
134 41
126 213
92 173
145 379
140 343
143 214
80 275
77 113
37 101
30 354
70 58
34 156
106 27
48 296
73 198
43 246
121 229
76 126
104 270
62 32
40 35
97 232
65 41
101 312
71 387
94 126
76 154
31 196
112 153
119 73
45 146
140 311
53 9
55 148
58 208
48 272
87 42
121 390
52 167
40 60
127 304
68 122
45 78
134 71
142 202
88 367
91 336
79 311
65 146
70 152
37 74
149 339
90 289
137 152
92 114
75 156
146 79
37 77
37 103
76 226
60 54
38 288
54 255
150 228
103 307
62 42
127 144
85 37
150 386
143 99
124 246
142 282
85 170
96 373
73 63
132 32
75 252
65 68
69 64
48 51
83 134
87 106
96 36
50 315
84 90
79 393
144 352
30 60
127 170
147 376
98 66
118 351
123 139
91 140
125 305
61 333
69 242
84 355
84 153
74 225
115 190
102 28
96 55
144 32
44 364
144 365
51 218
57 312
54 13
109 285
79 172
96 35
59 22
62 279
123 233
129 348
81 154
130 309
131 62
94 162
54 186
113 61
39 138
52 69
137 153
33 89
109 172
103 383
88 254
30 291
139 370
133 307
82 394
121 79
43 316
142 203
132 127
55 206
81 59
88 386
63 113
111 158
38 369
65 156
83 306
127 8
147 393
33 44
134 22
121 93
127 360
135 153
63 50
67 254
116 116
83 53
107 90
33 238
123 298
84 365
30 292
114 75
88 177
105 296
75 310
96 172
136 116
59 339
60 301
97 286
130 214
149 258
134 46
76 377
49 196
102 27
96 108
54 101
39 392
93 364
78 259
30 236
150 43
57 340
43 222
94 368
49 273
113 336
116 326
147 378
48 272
111 146
86 191
84 232
150 11
61 14
131 284
112 8
147 42
42 72
120 204
104 101
36 91
128 163
61 206
81 125
54 316
39 143
32 313
98 272
62 81
104 336
75 365
106 308
62 302
102 219
109 175
124 24
115 190
40 277
72 111
45 368
63 137
50 372
145 352
85 392
112 383
55 193
142 149
114 80
66 270
89 372
136 146
139 318
80 292
67 14
72 331
114 361
90 92
115 309
111 142
78 400
117 296
143 347
125 305
146 339
88 262
87 279
124 224
36 152
113 87
128 202
85 199
72 56
72 272
34 343
121 356
66 308
139 297
99 378
98 58
62 167
96 393
37 367
73 366
97 14
115 57
96 167
94 340
36 129
36 354
47 342
57 153
50 330
102 339
141 42
62 150
79 131
50 32
115 16
50 56
114 300
95 169
138 383
77 140
68 11
79 182
83 362
53 125
145 152
77 33
53 346
143 127
99 163
84 199
37 70
139 68
51 166
54 319
97 345
122 137
123 259
84 193
100 336
70 169
85 243
70 110
46 114
43 132
148 289
120 332
122 301
37 220
143 110
83 141
75 269
44 127
60 109
133 164
107 251
105 392
33 45
59 189
75 260
47 65
124 341
142 63
144 42
144 291
97 326
40 48
49 20
77 133
56 224
45 300
148 364
65 134
99 181
138 325
144 386
84 200
54 21
60 334
45 399
102 309
103 159
59 46
142 331
62 137
123 21
106 181
71 190
70 66
43 18
48 304
115 321
61 11
144 400
63 122
59 246
81 74
99 278
139 368
45 17
85 375
70 303
141 78
69 51
52 209
101 244
81 73
31 110
106 15
113 133
136 31
49 303
118 361
70 130
121 266
147 72
148 136
107 285
124 89
120 354
121 23
104 21
42 115
105 229
114 34
68 385
70 220
121 296
145 229
141 41
51 219
138 83
30 189
110 166
105 6
147 224
65 84
77 27
141 213
131 104
49 252
69 326
135 352
72 258
59 321
38 248
148 161
87 395
113 45
94 234
33 293
110 171
39 107
32 87
32 252
85 270
62 158
56 91
117 305
126 174
43 327
97 377
62 130
129 176
87 384
40 253
67 76
93 55
147 384
65 15
113 287
53 148
56 115
120 60
86 273
79 143
52 328
100 14
69 247
88 139
99 20
72 264
142 276
78 318
111 230
52 48
137 177
99 113
129 66
41 40
124 262
121 313
33 298
66 18
113 244
89 22
88 349
113 173
145 87
149 59
37 218
130 55
125 17
36 63
105 167
54 184
75 280
64 173
129 149
150 261
100 76
131 335
104 115
76 198
143 68
136 307
64 279
89 150
43 42
142 44
53 12
52 169
44 198
105 155
64 157
42 13
54 105
86 214
37 38
96 227
55 265
72 303
102 316
130 93
96 49
76 40
48 392
70 119
144 33
74 168
135 350
120 175
119 357
83 189
100 82
40 72
99 39
116 160
124 173
125 389
38 179
121 400
119 383
90 107
92 205
82 139
51 386
54 35
101 65
88 92
117 24
79 397
89 34
41 314
74 298
106 163
34 284
132 273
105 172
57 11
64 65
83 325
131 188
131 287
66 234
124 271
31 262
73 173
145 383
134 260
129 47
46 5
47 285
74 100
44 290
148 179
87 193
71 281
100 265
115 382
72 204
78 123
149 87
37 62
30 239
41 12
92 330
72 187
34 60
87 65
146 175
111 342
77 139
77 274
42 236
59 173
145 111
126 61
126 400
111 256
49 61
51 226
145 258
41 57
87 84
89 372
140 273
84 67
103 100
115 113
88 29
93 158
84 340
95 75
70 279
121 260
100 326
79 256
76 40
55 117
98 264
87 110
84 384
75 77
124 135
86 114
88 11
56 393
90 224
51 203
117 160
46 174
119 329
132 21
150 98
94 347
145 171
131 400
109 104
78 325
50 273
97 349
74 143
145 211
138 99
146 387
144 261
35 339
93 130
63 307
105 300
100 45
93 144
95 47
121 395
133 241
138 172
145 256
62 145
116 250
83 64
142 376
99 324
64 369
100 299
134 9
134 311
116 39
143 368
117 51
149 269
119 20
97 383
100 336
79 72
88 181
56 226
123 221
109 378
32 83
30 48
73 252
31 395
65 372
150 389
37 219
109 141
83 292
82 57
30 149
111 69
35 153
80 263
63 360
115 372
55 310
122 303
45 234
98 39
77 174
57 85
125 176
109 182
80 367
114 60
127 9
56 359
62 226
145 33
100 301
102 87
140 293
67 199
77 282
123 230
129 207
131 249
51 212
44 333
110 395
124 369
83 347
134 311
62 232
104 249
110 171
93 116
69 298
87 303
147 127
66 309
95 277
43 150
146 161
138 297
57 17
54 370
97 368
58 251
141 203
144 167
46 206
138 163
41 311
87 395
51 389
34 56
96 258
139 170
89 279
94 251
39 148
74 161
93 137
126 110
150 398
124 372
59 34
56 165
147 260
132 273
42 394
144 299
66 308
134 60
140 60
128 342
73 183
110 292
62 136
81 352
123 207
70 372
149 371
79 106
103 188
126 224
62 234
67 106
45 146
134 298
143 388
77 348
90 342
114 205
134 315
35 156
116 395
95 82
72 214
59 171
112 147
75 18
45 184
67 330
119 143
88 171
124 199
110 189
103 101
49 240
53 183
82 169
134 157
107 132
58 123
82 256
127 17
110 86
42 352
122 296
141 249
47 350
54 135
78 214
36 103
144 272
108 138
70 124
94 93
30 246
47 295
109 370
32 308
42 324
80 313
86 339
122 159
139 236
86 111
78 337
110 222
114 293
38 273
119 367
76 46
57 134
58 63
90 150
72 334
61 19
45 227
46 93
119 214
34 262
112 231
142 304
136 20
120 271
126 31
150 25
139 377
57 356
141 229
97 149
49 213
109 356
111 283
96 114
128 137
70 37
42 32
141 63
32 325
131 383
57 315
56 355
102 52
33 150
81 253
80 364
119 117
145 248
33 219
67 13
82 16
42 384
66 215
43 224
113 302
51 189
42 366
59 219
80 56
127 78
130 64
142 118
110 288
129 137
33 143
51 177
48 339
82 307
60 303
126 286
105 320
47 355
36 262
73 19
90 368
58 230
35 382
134 165
122 332
137 45
47 387
70 307
115 306
131 381
95 199
32 295
79 165
51 368
128 64
69 372
145 147
40 390
68 239
103 387
82 169
107 165
84 240
137 381
78 264
63 317
136 9
79 150
108 80
139 245
117 218
38 223
46 207
57 278
63 274
60 297
80 38
79 8
45 69
140 389
61 126
44 79
61 202
117 305
88 114
122 198
150 320
59 223
136 246
94 378
32 376
108 398
105 398
146 144
122 104
71 192
117 94
94 387
73 312
132 183
101 79
107 154
131 43
43 95
142 131
101 146
82 36
139 85
145 124
138 100
65 54
57 273
76 107
129 20
111 21
113 99
149 79
101 246
42 168
131 275
117 225
110 293
102 311
100 34
124 50
144 331
91 17
136 173
147 223
124 385
59 268
150 120
71 214
79 346
129 78
116 367
55 204
72 126
43 181
59 234
103 109
135 169
112 139
115 218
104 281
134 250
66 232
106 36
76 28
141 54
33 27
57 229
145 350
147 373
82 77
140 5
82 291
55 336
129 342
103 35
90 286
146 390
102 64
109 341
30 351
43 84
50 58
142 64
97 144
147 194
62 393
75 352
83 38
89 315
93 210
59 235
97 111
102 211
55 153
81 343
89 224
100 42
149 247
43 180
103 200
52 133
83 77
77 50
141 58
143 94
40 103
47 141
108 226
59 5
89 365
39 119
63 207
58 132
123 107
83 289
92 400
88 166
79 295
100 357
63 326
89 248
101 198
127 54
37 256
63 172
45 340
123 365
107 320
88 54
46 362
94 24
56 186
36 175
57 312
124 356
144 43
66 99
73 213
62 220
150 294
41 278
94 174
62 348
34 103
83 228
85 154
49 128
54 119
138 26
36 285
83 378
71 18
46 48
112 94
91 249
100 355
63 398
71 365
39 146
137 105
107 335
96 8
112 268
36 122
92 271
31 124
46 115
30 40
124 49
88 190
50 182
68 174
135 204
32 71
107 145
149 374
43 172
87 385
38 348
42 102
75 97
132 369
141 194
42 148
63 332
121 49
47 313
93 93
75 211
73 67
64 12
146 129
58 141
60 353
139 190
92 359
62 134
94 17
140 14
83 275
75 359
149 102
32 151
145 132
72 114
117 127
83 270
93 244
63 115
61 49
49 282
42 106
141 347
105 297
91 296
129 242
115 223
110 188
73 258
57 153
134 213
74 132
35 226
47 156
120 62
91 124
81 127
42 301
85 148
78 84
59 252
48 385
87 268
66 146
133 39
50 284
122 277
101 237
78 311
56 5
147 220
66 325
89 298
99 12
83 76
113 238
119 54
77 51
89 112
47 351
104 320
34 37
114 247
42 211
109 225
53 286
145 76
125 115
70 396
63 375
55 199
98 136
70 135
39 78
131 258
47 141
92 364
114 377
30 351
96 181
133 153
105 173
69 339
50 13
30 289
144 292
81 400
50 159
111 24
137 202
73 389
149 210
143 161
130 28
69 295
121 391
87 65
115 190
60 70
34 293
144 352
57 367
91 97
95 304
100 196
76 381
71 140
49 309
30 355
126 114
111 356
46 380
104 326
98 146
131 224
129 194
136 101
102 139
150 87
62 198
122 27
105 166
88 140
38 80
128 369
80 190
150 201
143 265
108 93
37 324
123 241
57 8
135 341
95 347
90 276
98 283
96 245
137 27
147 395
60 183
93 300
139 165
38 358
108 210
122 135
107 309
133 117
138 191
105 168
117 214
45 109
91 362
54 159
126 224
130 120
121 285
35 390
109 172
42 218
62 118
89 94
53 382
53 103
141 331
108 373
89 103
110 170
112 341
133 356
109 29
52 53
34 145
147 105
30 106
95 243
32 53
65 30
30 58
53 189
104 80
35 342
125 368
104 117
122 200
33 269
52 80
109 345
148 144
91 12
71 280
121 151
103 278
146 34
135 104
75 21
79 135
114 17
87 213
51 366
93 36
127 341
132 334
76 390
148 133
50 131
134 316
150 91
43 98
50 328
64 90
69 294
34 359
44 309
103 18
148 349
39 233
129 119
138 352
131 104
73 33
124 49
48 389
69 294
105 329
32 386
111 85
66 279
87 161
82 379
109 248
98 113
52 358
120 269
57 192
110 135
81 151
83 13
112 312
61 175
95 133
66 139
124 185
141 384
99 399
146 91
127 140
51 62
75 191
143 27
97 233
134 126
135 276
37 341
126 95
79 338
123 240
123 337
59 270
130 250
125 101
78 247
40 252
51 132
121 96
134 110
139 283
95 220
51 115
70 249
51 71
36 316
33 101
116 374
122 217
46 27
112 77
143 274
128 292
75 183
34 142
101 86
93 243
55 17
36 320
88 24
133 263
34 35
54 327
140 27
140 388
109 321
64 218
55 282
53 391
54 250
140 143
50 219
79 191
63 387
107 206
64 69
49 82
126 142
115 368
75 195
40 378
138 40
49 274
121 337
143 369
113 258
137 93
43 304
73 313
148 306
133 176
69 353
108 304
86 189
129 253
72 333
91 270
47 108
60 132
55 220
139 339
45 323
42 11
48 55
54 24
72 388
81 246
82 396
83 123
128 397
113 13
110 42
140 125
101 305
65 184
122 149
146 368
39 33
132 95
57 119
33 323
30 370
134 296
116 315
41 319
52 128
95 350
61 289
45 173
87 176
85 315
116 125
144 264
65 325
78 102
53 295
98 240
102 274
118 347
120 359
75 102
56 307
70 119
114 328
145 275
81 42
150 390
73 205
91 230
66 358
115 130
86 157
41 67
46 188
60 86
47 91
104 181
97 380
101 103
97 338
75 139
117 264
69 301
140 37
84 193
90 126
42 308
55 73
150 373
37 86
66 18
51 76
135 246
146 122
55 196
136 214
138 323
125 180
34 18
111 48
55 138
88 358
52 168
121 347
94 33
145 248
126 358
72 214
133 18
30 251
133 89
97 396
43 34
65 58
117 286
144 185
96 120
110 104
107 110
149 197
80 165
97 283
46 397
144 332
60 17
93 315
53 354
74 28
52 384
108 367
36 299
104 9
115 194
75 100
130 148
64 371
96 141
101 140
146 278
99 380
37 169
124 239
88 370
46 12
68 312
56 396
112 140
111 321
123 154
59 349
149 237
68 99
139 99
56 108
131 287
67 18
121 188
72 72
76 214
125 334
83 253
62 236
84 396
53 398
114 356
86 360
135 84
59 6
70 7
107 48
121 131
33 261
104 66
50 116
44 90
103 317
107 180
58 76
60 92
76 284
81 124
55 100
67 345
45 206
53 89
68 242
67 37
62 326
132 289
131 292
120 154
106 173
104 373
42 95
74 336
37 347
34 123
52 248
58 336
100 315
133 318
137 59
35 144
103 180
117 380
33 37
102 167
70 278
93 212
62 181
132 244
64 255
99 144
78 59
34 36
144 295
93 245
85 266
143 313
96 7
88 214
111 315
135 209
139 202
123 49
150 369
120 318
64 162
108 180
94 317
128 268
32 313
138 208
48 169
134 218
61 107
83 382
62 249
92 232
78 285
97 158
133 145
120 376
34 28
133 30
128 142
139 375
75 55
58 191
134 222
132 299
114 245
61 232
115 71
114 122
76 270
123 95
138 89
61 373
111 351
147 170
102 37
58 87
61 79
120 321
42 195
105 282
143 103
64 345
92 143
126 124
56 126
38 220
97 384
123 382
80 225
132 285
127 319
92 265
123 211
116 114
102 221
113 173
142 146
73 351
86 292
94 302
83 273
52 364
96 117
75 91
82 252
80 114
134 278
97 131
77 282
135 42
34 220
110 177
82 152
69 115
145 230
71 305
147 52
137 361
64 385
45 167
125 191
140 230
109 209
133 311
118 151
60 15
106 84
69 24
129 283
55 83
136 34
106 264
103 213
95 141
108 184
131 40
100 328
129 305
53 240
40 185
122 393
92 350
35 226
64 106
86 205
82 47
34 224
120 78
88 94
128 129
143 117
46 22
69 305
65 110
96 120
34 298
34 388
109 175
77 13
73 286
79 245
142 215
142 342
90 218
55 196
49 339
97 230
113 170
144 232
53 137
103 210
41 30
78 26
89 64
39 13
130 277
78 83
90 143
84 201
102 168
37 318
68 333
84 273
82 205
125 218
74 355
41 321
80 69
134 121
63 342
34 177
103 276
80 185
85 116
54 153
34 32
76 99
106 89
114 270
103 307
148 333
143 42
32 316
51 210
104 39
31 322
113 379
139 342
35 159
51 328
85 351
115 95
68 44
102 113
74 354
104 34
142 118
104 366
108 324
64 344
141 7
143 146
57 157
142 378
101 373
139 83
85 365
122 170
34 168
136 223
118 262
141 298
92 47
118 92
143 361
124 96
83 309
104 119
51 300
47 51
70 142
33 342
119 289
132 16
35 86
32 90
81 134
86 136
132 366
118 294
52 89
115 379
127 144
134 8
88 221
63 61
95 33
132 51
146 15
131 15
86 284
64 208
76 78
110 69
142 222
130 21
84 118
80 225
54 137
69 61
148 208
144 378
147 385
115 188
149 135
86 29
137 355
85 370
30 70
37 154
60 255
46 35
127 254
80 238
139 97
139 111
64 320
34 203
62 110
44 346
128 50
35 270
147 229
96 11
54 388
106 126
68 210
49 322
73 35
88 362
50 173
114 90
32 15
126 149
67 196
70 206
64 57
99 170
97 6
41 75
62 214
118 390
66 47
58 90
127 112
71 5
125 119
80 378
59 380
97 240
83 310
104 340
39 245
123 292
63 380
74 207
57 379
110 26
99 271
96 34
142 192
45 377
101 328
36 243
146 5
59 68
47 136
68 81
92 11
90 198
33 263
57 345
86 177
48 254
36 226
68 392
80 64
113 190
71 372
137 34
147 62
57 54
60 326
121 139
45 342
75 112
130 167
31 48
139 284
34 73
137 342
46 118
117 42
150 50
75 323
76 315
31 262
76 65
90 352
85 132
84 168
36 92
150 268
66 50
105 61
48 44
40 196
42 95
145 392
111 337
33 375
89 235
119 180
117 159
141 219
41 229
48 38
123 367
95 306
114 332
61 55
91 30
123 383
114 184
142 327
120 257
68 18
76 333
46 350
122 228
59 376
122 322
114 257
79 379
81 22
146 129
98 151
79 348
76 345
87 182
79 124
144 374
122 56
113 52
57 369
40 196
66 257
55 224
74 84
85 201
97 314
66 139
50 303
85 290
62 72
142 280
78 278
89 388
126 61
64 224
101 378
73 73
121 213
85 246
94 241
145 189
107 206
127 68
85 99
121 400
109 339
46 104
103 139
94 208
135 374
118 366
93 89
95 184
91 349
145 209
100 197
119 227
47 141
150 351
65 313
104 11
103 363
93 285
85 276
119 252
93 369
143 142
99 77
31 240
142 53
72 301
148 26
58 106
58 108
95 214
131 203
59 269
127 199
49 72
65 355
45 368
72 248
54 270
101 59
47 89
132 340
60 141
40 285
135 390
99 392
143 16
54 398
98 10
62 219
73 352
41 92
53 288
148 25
64 78
116 138
141 143
67 115
134 288
37 345
85 75
101 331
114 367
105 166
105 177
87 198
64 69
147 391
67 78
127 112
86 226
118 264
60 26
118 364
38 32
38 99
54 42
138 340
59 316
117 83
118 295
140 158
84 248
55 98
67 178
41 382
54 340
85 314
88 252
82 51
66 81
52 223
45 241
127 383
150 25
95 295
47 328
134 290
126 277
45 309
87 379
123 216
144 181
109 154
70 327
68 129
149 374
32 202
131 235
106 399
64 60
137 135
141 360
123 119
86 248
121 100
58 367
107 339
62 357
118 348
65 218
60 230
110 391
145 140
142 339
150 350
38 379
87 210
39 117
56 355
68 26
98 141
33 153
125 84
43 171
95 337
94 376
92 279
130 130
47 187
104 255
33 291
89 366
147 50
65 344
38 126
140 336
57 271
93 282
59 156
103 142
130 315
101 134
135 65
70 92
74 204
70 90
146 268
111 38
113 251
86 85
119 36
39 376
67 261
61 270
126 234
120 308
32 48
78 390
86 180
131 257
62 370
52 357
48 341
110 306
106 180
139 397
49 129
62 368
38 66
76 67
55 32
42 201
145 176
46 303
95 329
48 101
40 188
99 74
114 364
142 215
106 61
83 48
126 353
104 84
38 282
44 369
133 302
69 232
89 81
104 234
121 378
46 185
126 135
70 340
96 13
132 172
148 44
35 344
47 204
49 187
59 32
132 364
148 89
118 212
103 171
121 343
36 178
60 340
107 331
65 383
38 141
102 327
98 333
65 16
99 380
91 142
93 122
112 370
122 176
137 268
88 110
84 280
72 29
150 109
60 33
92 268
130 279
37 8
130 220
67 198
72 93
135 166
144 56
146 176
136 324
43 103
143 97
43 354
73 355
66 60
122 347
124 251
69 59
112 265
136 235
66 190
114 217
117 74
125 392
70 285
89 142
31 63
104 153
84 11
51 123
96 180
78 14
130 282
86 297
78 68
116 290
145 325
32 369
60 272
130 29
58 64
109 373
106 370
50 18
71 349
70 263
77 232
40 65
134 277
115 258
111 193
61 48
139 225
138 277
92 54
136 93
73 382
93 135
150 38
98 370
40 237
91 355
31 118
59 362
77 184
115 122
115 269
118 355
71 222
32 390
76 227
52 17
47 214
50 366
64 232
94 302
63 266
148 262
34 154
47 125
150 140
126 137
112 101
68 114
78 205
89 315
117 256
140 31
122 40
42 11
67 69
109 316
100 34
96 204
44 272
115 180
116 333
131 252
79 321
79 216
76 263
75 360
79 333
124 20
65 173
80 14
127 276
67 177
59 163
104 295
52 183
32 25
45 16
101 137
122 232
133 213
45 147
91 211
136 212
120 259
62 102
140 213
112 272
145 96
99 184
145 312
114 9
132 256
51 318
119 189
61 389
78 240
70 215
81 95
116 365
43 214
35 257
37 216
146 271
128 278
116 30
125 301
66 322
62 65
77 370
94 298
116 245
48 115
128 9
81 190
146 100
144 363
101 397
141 271
70 126
59 208
118 146
112 158
76 226
68 181
70 70
149 332
89 74
143 166
107 234
91 396
109 360
137 145
102 355
142 348
42 151
69 275
36 269
77 119
44 207
93 37
51 216
125 363
135 89
149 219
138 350
122 196
80 183
61 186
149 176
146 132
95 209
109 166
62 133
84 387
94 389
116 153
57 118
96 192
136 207
123 284
88 387
47 304
61 166
96 34
83 34
48 161
32 243
127 45
142 38
66 332
61 11
49 258
100 200
138 249
58 110
30 59
36 103
93 246
89 214
61 192
63 42
63 338
119 22
79 120
89 382
106 254
124 321
134 262
77 270
103 177
124 96
33 124
133 336
113 47
69 137
75 362
147 259
113 223
141 81
105 67
117 398
78 336
74 129
49 321
79 233
62 244
64 285
45 51
94 300
74 193
121 374
109 221
40 356
68 216
109 324
72 11
45 158
122 125
32 389
121 255
149 16
87 78
64 104
123 8
112 207
112 398
129 60
52 376
132 209
63 275
142 76
54 32
39 143
48 151
101 42
66 317
58 192
79 157
133 333
74 346
62 37
89 249
129 136
126 129
46 137
62 290
48 216
81 103
53 165
81 145
89 186
121 265
144 257
50 322
144 280
102 156
110 365
143 86
124 332
91 356
111 93
107 293
39 398
34 236
81 339
33 362
119 109
64 39
104 101
57 323
50 318
49 76
103 308
53 217
106 5
50 55
129 310
94 37
134 65
31 89
49 81
79 28
83 130
99 195
149 276
133 377
122 251
41 351
67 294
41 295
117 148
81 89
143 221
45 37
116 241
93 243
36 29
31 285
34 26
107 85
30 256
75 329
115 155
77 172
100 243
68 394
149 347
60 338
85 334
115 63
95 88
55 398
59 251
100 124
41 289
83 144
46 386
96 234
117 100
83 148
92 382
141 171
68 380
81 143
94 316
46 47
129 356
123 100
47 120
103 313
88 195
42 250
53 385
70 76
138 196
95 124
41 26
137 315
65 65
73 346
115 291
140 125
121 18
32 321
75 67
33 33
125 206
137 91
109 366
51 382
118 87
88 395
76 132
93 358
86 334
87 129
91 353
102 293
83 123
43 242
94 369
136 297
83 110
80 330
70 111
63 82
39 239
145 47
119 80
114 357
63 146
118 311
34 244
101 308
64 281
36 314
88 250
140 381
137 267
125 399
62 258
72 86
91 105
74 71
53 211
117 95
134 85
89 350
137 98
130 326
136 132
145 258
100 365
57 5
37 334
138 131
32 374
51 80
115 63
125 34
49 398
34 76
81 316
134 35
98 322
125 149
53 155
131 233
35 364
67 118
115 22
138 131
130 279
85 51
45 44
82 216
54 279
116 270
114 16
57 143
48 8
141 118
149 257
125 5
57 314
60 66
52 84
115 177
115 376
62 120
35 99
93 105
72 315
131 44
44 254
99 338
40 270
97 291
33 55
30 287
49 248
129 74
34 278
98 106
118 111
68 36
86 248
89 220
51 287
87 346
135 154
101 316
61 395
105 228
114 12
91 189
139 260
38 95
95 55
116 32
75 232
44 285
145 325
78 158
52 320
139 209
82 348
65 323
31 210
98 219
122 334
49 352
73 375
49 213
130 254
91 35
66 61
57 50
110 244
56 111
58 375
129 52
117 7
123 8
91 391
134 110
40 394
131 359
144 132
79 285
31 163
121 396
72 268
75 205
63 49
69 67
112 203
99 48
56 133
120 100
93 115
115 328
110 292
33 118
55 250
76 204
100 139
50 271
134 143
35 382
124 94
39 310
111 334
98 10
57 274
63 121
67 303
128 167
41 388
39 13
62 139
95 223
117 345
41 139
64 153
138 52
147 285
150 341
89 157
30 202
48 395
127 123
49 220
30 38
30 173
132 328
107 210
63 183
31 349
79 301
44 264
84 128
129 262
95 42
39 154
65 306
32 351
101 231
63 123
120 220
120 23
55 206
148 218
90 75
94 212
86 358
48 348
124 329
78 399
75 56
72 37
111 186
53 387
69 391
56 46
68 75
78 131
35 93
67 334
104 6
145 273
87 81
143 364
100 269
135 280
82 69
145 125
65 16
90 52
75 137
142 319
132 82
145 197
65 307
46 45
110 225
69 323
70 342
144 385
51 123
66 76
64 109
113 97
102 121
40 364
126 184
136 84
96 179
93 56
65 136
52 290
55 394
106 88
136 80
126 171
72 61
148 369
84 163
93 333
145 273
95 58
136 122
140 121
118 96
116 58
115 184
53 309
60 69
114 61
91 347
78 399
40 50
127 148
120 360
113 109
128 204
99 87
62 317
45 213
34 332
45 334
106 181
148 37
133 343
38 302
114 316
109 185
88 168
112 323
148 88
140 214
64 345
101 165
134 67
82 283
38 100
82 93
91 111
86 341
39 17
135 293
66 295
78 274
148 272
131 377
95 317
47 239
37 384
101 213
53 141
52 43
109 222
67 247
65 171
75 185
46 375
79 256
99 295
69 308
52 234
99 331
117 52
99 356
114 119
150 140
35 335
143 284
58 228
98 179
140 132
86 84
118 165
90 384
30 359
77 345
100 183
31 157
102 62
117 47
117 101
115 339
41 267
103 33
97 289
120 217
136 76
38 329
30 97
54 215
43 45
41 101
104 380
45 103
82 223
101 314
147 364
63 359
64 211
73 257
30 28
86 107
35 257
35 31
104 195
91 317
68 40
56 380
113 337
83 58
80 7
36 44
66 19
36 113
99 138
88 380
70 41
142 32
30 285
98 341
94 102
114 73
99 175
39 186
103 31
107 390
85 178
102 69
107 213
95 178
58 349
122 285
109 332
71 212
85 307
44 33
74 286
122 165
90 193
115 375
97 325
126 267
85 311
57 287
102 123
105 10
89 237
111 222
73 92
44 219
82 14
31 294
130 218
99 316
128 315
93 97
38 327
85 370
53 317
31 384
60 119
40 356
148 243
117 252
148 50
138 38
69 48
123 52
104 189
40 133
86 90
117 159
135 290
96 341
54 335
116 19
32 223
85 25
133 138
89 110
34 115
133 384
134 271
80 131
48 271
121 257
129 69
32 206
108 369
76 257
56 194
90 396
67 225
85 256
72 88
75 366
128 128
40 127
115 293
38 67
115 371
39 198
140 351
107 254
102 210
32 289
75 247
113 245
140 337
82 323
41 19
54 239
60 300
129 208
35 209
43 247
77 219
89 144
73 32
36 221
40 336
87 164
81 240
147 9
42 333
134 282
70 25
111 92
145 362
113 306
148 194
39 358
102 374
36 129
129 315
112 23
144 77
70 195
99 281
149 183
106 230
61 117
122 115
61 395
92 283
141 95
44 303
109 381
65 52
108 35
85 354
42 30
118 10
50 330
125 248
107 48
52 35
127 31
96 206
124 111
67 231
49 258
45 76
70 124
112 19
130 329
73 33
39 134
127 265
57 216
103 9
82 13
140 383
142 120
61 122
99 305
95 14
60 263
76 163
130 368
40 93
146 255
41 208
35 68
145 341
120 296
115 290
32 334
34 185
100 17
81 400
36 57
107 250
100 174
82 135
123 93
48 49
137 291
119 378
105 307
99 353
45 31
52 231
65 313
82 270
92 64
123 140
33 332
61 262
56 49
76 289
36 273
94 217
85 45
91 258
81 349
67 307
119 306
110 348
62 317
56 73
60 150
141 248
113 89
35 102
96 143
139 119
80 264
69 133
37 137
46 36
71 345
83 7
142 269
39 272
88 236
85 378
119 238
132 166
71 35
76 198
123 322
116 21
48 240
107 91
36 276
114 107
82 16
48 212
125 60
106 374
139 200
92 30
146 115
94 215
81 302
104 245
130 88
133 115
136 140
94 215
112 95
105 91
150 343
139 196
65 307
48 35
126 301
59 36
94 167
137 279
48 387
101 267
115 120
66 324
101 137
38 353
87 254
130 223
82 341
88 6
31 140
148 110
112 71
40 376
127 27
130 85
142 152
45 387
43 346
105 399
132 244
122 327
81 372
92 174
74 99
76 384
107 348
82 357
45 234
57 372
130 230
114 324
116 78
121 220
117 267
53 153
49 196
63 99
76 292
101 203
139 297
89 334
75 309
129 40
115 350
112 237
131 115
119 104
104 208
99 237
75 11
81 218
112 139
95 112
75 136
139 72
55 275
130 379
44 201
120 93
81 390
44 25
100 157
148 49
31 82
121 323
130 123
97 144
37 150
67 65
48 268
57 112
113 199
35 176
82 386
69 37
37 212
57 221
42 202
148 166
41 391
99 105
71 164
102 345
82 102
145 221
117 222
100 85
129 367
82 385
86 19
102 196
104 303
117 246
127 12
34 355
39 336
54 172
50 230
105 121
91 85
80 334
149 105
55 256
124 136
137 376
45 270
43 164
132 364
46 176
101 178
138 130
73 129
111 237
79 291
150 335
64 282
94 355
119 389
142 280
32 257
30 82
43 337
55 83
143 27
108 315
92 53
136 236
127 234
141 246
74 5
150 182
119 126
72 32
109 234
147 283
133 164
127 325
30 165
99 74
48 288
40 298
60 294
64 36
118 195
71 100
37 295
81 58
121 61
109 225
138 99
82 304
125 163
89 353
96 83
40 206
98 133
75 206
57 192
99 286
115 346
87 242
105 177
40 201
55 164
43 265
78 81
128 391
56 365
75 45
134 17
33 290
44 292
109 200
35 45
106 136
57 231
100 259
52 222
87 308
97 157
44 261
89 52
97 323
102 22
77 384
120 214
38 165
54 373
67 113
40 262
55 30
100 111
85 274
74 362
82 34
122 220
106 373
53 311
49 22
43 323
35 395
92 378
43 163
127 169
141 331
145 315
103 285
42 185
32 397
50 131
30 329
58 145
59 170
104 5
65 148
108 358
70 88
115 54
41 81
116 280
142 317
77 378
103 339
54 32
31 111
61 159
99 377
106 372
62 224
100 245
98 33
139 163
130 101
110 144
139 25
82 302
69 371
110 241
31 363
97 40
48 224
98 378
31 270
98 224
118 62
148 229
137 173
52 274
64 322
70 143
38 282
140 397
122 277
47 378
66 36
132 287
53 136
38 73
140 248
96 116
131 206
128 150
52 177
61 57
51 188
52 224
79 62
67 203
66 117
30 72
105 107
37 69
97 360
106 292
93 282
52 320
41 179
99 181
113 394
125 106
53 380
133 221
77 186
133 131
137 89
142 374
142 196
35 29
35 223
133 134
142 194
127 179
76 96
129 291
117 23
73 132
128 222
124 206
145 99
103 209
49 309
129 214
111 79
37 237
135 340
43 210
100 58
150 279
142 102
35 176
105 127
48 18
41 360
30 167
82 179
82 317
128 40
53 119
98 243
112 161
108 342
31 82
49 10
126 31
123 51
103 44
61 150
112 382
136 387
122 121
143 378
124 300
32 306
100 263
30 59
76 90
109 191
32 352
94 30
142 77
72 214
133 397
96 374
118 232
51 126
71 234
146 212
130 399
69 75
81 364
51 190
62 87
113 374
82 289
101 322
69 62
76 169
75 261
138 77
52 184
95 373
120 194
46 253
44 313
109 296
103 251
93 287
141 183
36 312
49 10
96 240
37 138
59 209
136 131
82 32
37 277
91 320
97 5
31 370
91 165
72 160
117 202
57 298
95 318
50 226
46 155
116 102
73 83
62 308
125 62
41 75
125 35
122 387
69 102
111 210
89 364
106 153
131 264
131 99
38 378
37 251
63 307
120 277
93 87
102 322
149 166
103 353
66 141
34 302
88 156
60 262
33 181
101 228
31 225
123 175
100 170
54 36
59 36
51 249
147 209
51 65
119 271
47 382
64 31
119 291
33 95
52 371
126 45
36 22
81 156
63 50
30 187
109 357
90 134
51 172
71 307
103 236
116 290
103 171
74 87
52 189
140 252
136 143
75 382
81 18
64 157
139 330
67 150
55 396
44 354
92 17
60 32
73 188
138 53
84 188
148 138
74 311
114 318
65 246
51 233
86 134
71 328
49 197
82 376
128 370
95 155
76 180
89 66
150 326
34 228
98 186
127 62
84 291
105 224
38 348
139 383
80 191
50 235
131 112
80 162
35 114
86 249
63 31
125 326
54 301
120 32
136 266
61 43
57 320
62 230
142 92
50 304
65 291
77 302
81 364
42 375
87 16
106 7
128 225
86 238
142 82
52 217
81 286
34 376
72 24
50 364
127 320
71 306
82 77
128 54
94 143
61 320
127 264
39 383
137 252
143 37
55 83
143 81
131 183
87 232
56 7
91 52
111 310
117 74
99 62
121 172
72 256
118 90
36 196
148 359
41 310
90 203
53 207
113 273
79 141
80 260
128 306
78 107
72 31
36 112
55 93
119 367
140 34
124 106
121 162
41 98
64 266
83 225
127 290
38 46
62 110
88 182
143 394
118 258
138 21
129 102
105 74
144 272
74 234
95 140
39 125
40 277
106 30
98 241
32 348
59 17
66 312
45 215
87 369
97 240
61 115
45 215
141 36
57 112
34 393
92 277
125 23
145 361
85 106
106 102
76 281
117 302
91 152
91 348
92 330
92 353
96 39
105 51
121 199
150 101
146 99
34 334
71 74
46 169
113 284
57 213
99 349
147 127
47 378
74 103
146 105
139 233
107 81
45 371
57 26
99 244
127 355
64 261
104 184
66 312
141 206
44 332
148 44
91 28
99 197
86 277
45 289
40 239
82 109
72 306
146 221
139 165
122 245
66 262
75 192
46 226
127 159
109 334
97 71
112 394
121 226
31 38
113 208
82 61
90 352
133 390
81 74
32 12
116 182
76 238
114 347
54 367
141 224
66 281
71 209
122 39
101 92
142 134
50 64
120 341
84 371
104 329
122 278
38 338
90 175
76 310
79 309
97 269
84 374
131 329
49 70
125 115
112 305
133 245
61 130
43 39
106 365
68 287
136 176
119 383
112 102
137 184
144 173
93 194
76 118
128 147
102 194
140 204
126 192
109 246
124 196
145 133
129 334
72 119
57 356
54 168
136 168
86 181
31 239
85 136
49 143
109 300
130 366
150 302
102 281
32 237
104 244
102 173
68 297
129 243
112 224
69 255
39 137
145 36
87 127
40 119
60 137
103 148
57 379
113 338
106 217
139 239
107 391
39 337
56 186
30 222
48 395
147 282
149 137
134 309
58 251
120 166
133 15
46 235
59 243
81 335
102 85
51 325
88 252
81 208
106 72
136 59
136 286
40 258
37 323
149 397
78 106
71 202
78 102
77 95
34 316
64 397
139 9
129 285
144 162
32 232
115 355
44 386
97 33
144 302
44 384
51 213
88 214
69 373
130 194
146 179
84 193
138 36
43 182
77 32
64 208
57 253
105 297
120 323
126 233
76 304
53 24
70 39
36 293
106 186
127 352
100 321
112 364
120 114
76 45
121 385
114 272
146 264
133 336
80 220
55 310
81 148
123 211
144 249
81 221
148 344
92 348
97 74
99 369
85 64
47 205
50 363
37 197
88 50
71 43
71 241
129 114
78 262
114 63
117 105
107 209
38 291
101 107
108 217
139 22
87 316
54 39
34 8
64 167
71 150
87 183
139 354
149 200
105 10
133 42
144 399
83 140
39 123
124 250
59 272
80 204
116 111
39 18
59 54
70 163
150 283
55 149
61 328
128 104
82 135
30 234
63 199
117 319
91 49
150 399
55 306
126 299
112 208
54 198
110 316
51 266
146 201
148 212
52 343
118 248
134 205
117 367
135 92
111 26
70 173
146 253
32 259
54 112
51 64
49 12
95 285
139 336
108 306
142 133
75 145
113 284
55 254
107 292
81 324
147 301
38 8
126 46
49 163
86 182
85 27
78 193
138 326
97 284
54 9
102 16
32 178
34 104
40 180
109 395
149 98
63 232
66 84
44 154
56 389
126 122
100 299
52 310
79 187
66 287
54 143
67 64
142 255
42 255
93 228
149 270
72 388
95 353
67 170
83 364
61 371
116 349
68 147
74 247
118 268
60 198
48 252
113 383
40 87
107 155
129 268
122 293
101 8
131 56
131 375
124 246
124 369
67 263
56 100
91 97
36 36
116 289
110 38
43 78
87 89
112 193
101 240
62 336
30 280
30 373
79 224
32 272
112 125
33 13
48 344
65 16
43 311
33 177
115 97
106 36
81 81
51 84
43 54
145 83
59 123
73 80
70 259
118 280
103 189
134 60
141 217
110 349
68 100
71 368
114 379
132 94
110 164
117 24
143 348
146 159
146 50
120 145
133 302
128 386
120 221
123 127
125 201
43 373
93 271
70 182
111 264
45 65
139 253
95 360
84 33
44 57
30 383
59 397
135 164
91 29
112 133
115 287
142 86
117 388
40 189
91 12
65 254
85 68
49 351
133 41
43 82
80 38
126 15
47 244
47 370
38 168
97 99
37 286
114 321
30 386
134 293
115 74
111 35
122 247
32 385
101 190
66 169
89 84
60 214
92 303
107 146
34 213
132 382
135 346
51 145
66 201
150 302
94 320
139 123
74 23
41 201
45 42
80 288
145 320
133 135
68 333
94 195
86 258
53 355
101 146
74 258
85 69
59 84
54 31
137 163
130 348
76 161
116 58
70 274
52 115
88 295
132 154
77 173
36 205
32 326
103 311
86 360
74 286
110 187
92 201
35 136
117 395
54 134
88 35
133 348
132 323
139 257
125 40
137 41
40 243
59 350
45 36
116 229
145 256
39 167
101 337
64 100
102 46
145 337
69 300
93 259
132 341
68 228
132 55
59 106
52 107
86 141
97 201
134 292
53 78
144 277
93 103
61 69
115 209
32 33
81 28
147 178
127 286
75 276
142 128
135 68
93 46
131 189
126 302
84 293
36 270
69 139
136 48
53 96
147 160
75 127
130 196
82 236
107 77
131 298
79 311
70 65
91 365
31 58
43 213
50 361
46 61
38 257
36 183
88 105
46 294
56 166
57 165
131 118
50 69
83 80
72 343
70 107
75 295
135 324
126 384
85 14
126 23
122 222
76 38
69 258
141 308
93 287
132 281
43 331
34 86
52 197
77 22
40 167
88 201
55 24
113 161
37 119
63 379
142 88
77 174
130 104
54 182
102 135
139 361
102 98
78 330
49 68
36 218
48 209
92 369
54 331
93 397
116 379
141 400
132 360
31 345
97 137
83 362
72 71
97 215
50 344
89 267
44 245
149 327
72 383
104 243
48 362
32 301
107 283
63 117
150 351
59 15
84 212
106 142
66 281
140 164
141 142
85 140
38 240
32 230
142 26
134 35
65 316
63 274
82 55
55 194
34 110
43 39
78 367
144 361
55 247
62 335
109 243
140 281
55 239
42 288
101 148
111 263
106 18
32 194
133 169
118 383
87 70
103 358
82 106
39 80
109 112
140 105
42 294
97 282
139 396
99 223
142 304
41 400
32 116
55 360
110 223
79 113
90 296
132 387
82 384
77 223
120 389
52 375
59 214
48 259
82 29
85 69
124 393
135 356
99 7
104 306
134 360
120 98
125 63
95 9
74 170
73 394
91 215
47 228
35 107
134 149
117 295
94 228
120 88
35 242
133 137
30 48
101 310
38 313
90 314
54 48
93 151
55 182
105 324
132 283
66 340
73 194
136 279
49 272
149 280
78 100
118 75
46 319
80 153
59 68
83 371
135 103
98 242
73 325
100 374
76 277
78 132
67 27
112 35
41 26
48 305
74 167
65 33
74 246
109 170
67 354
56 311
64 328
40 305
99 110
53 129
49 65
33 330
72 114
78 205
43 348
79 14
74 150
122 64
113 267
142 292
131 132
54 159
47 327
134 272
95 252
60 166
85 273
92 163
145 155
108 201
46 253
118 57
67 156
110 169
150 251
146 344
112 15
41 251
135 196
33 137
148 69
101 143
61 330
79 168
105 195
82 137
129 216
141 89
113 292
122 385
104 291
56 92
134 229
31 280
73 285
111 297
118 65
115 316
103 77
107 38
76 220
63 142
73 49
73 121
45 93
118 397
47 120
94 35
61 334
44 182
54 31
131 361
39 27
69 84
131 247
32 12
131 368
76 54
130 310
132 90
117 382
118 25
129 125
44 256
83 372
97 232
111 56
88 224
129 93
112 286
135 87
69 364
112 347
92 140
45 56
149 246
124 324
150 26
103 254
48 357
115 117
139 157
89 366
53 377
71 265
115 291
106 83
91 38
116 191
80 380
53 389
68 312
39 23
142 190
42 123
55 196
148 275
35 49
69 190
58 57
99 165
87 284
150 154
74 366
131 182
118 64
136 298
103 69
41 336
128 255
135 324
101 280
77 31
68 196
32 290
116 339
142 125
106 58
146 53
34 94
74 398
38 66
131 340
60 141
89 388
133 37
31 121
86 223
35 380
88 355
75 323
122 239
82 14
98 270
56 342
56 279
139 116
128 345
51 53
114 315
51 331
37 32
50 310
69 363
83 18
58 55
91 322
101 25
69 37
50 200
59 269
137 222
36 170
60 317
107 289
125 210
62 305
113 394
107 301
52 163
142 225
145 13
108 15
149 26
56 254
99 212
92 335
122 268
114 36
111 72
111 352
140 24
133 284
69 294
109 183
72 103
138 115
40 226
40 177
52 75
76 183
146 279
138 203
133 391
94 355
127 308
85 273
72 61
128 178
82 274
31 379
58 157
148 318
72 76
84 339
30 182
78 51
53 170
56 194
144 202
134 186
62 206
38 224
58 100
114 310
40 58
37 222
89 131
63 46
35 102
149 394
119 231
112 189
43 37
127 38
105 115
107 353
111 167
104 340
124 317
149 162
90 379
55 134
124 319
125 79
136 131
34 311
36 88
83 123
53 270
115 133
89 58
77 51
136 162
108 371
110 48
116 361
127 370
79 380
45 360
95 148
80 354
60 143
58 116
72 179
40 50
88 359
46 274
149 127
149 8
110 318
74 63
139 28
115 189
123 355
127 128
42 17
148 134
135 209
125 15
106 274
149 346
72 365
70 190
105 389
107 30
32 358
116 53
90 230
47 311
149 276
55 56
68 46
116 231
55 348
129 168
105 393
132 293
101 89
142 289
90 15
94 395
136 158
97 313
61 136
50 278
105 147
75 376
133 90
107 350
132 212
75 215
116 332
96 393
87 137
95 235
68 372
64 206
132 355
89 72
75 179
96 282
130 143
113 192
41 332
54 155
131 47
118 206
112 371
100 304
76 127
139 263
74 369
132 214
36 35
31 295
45 47
45 356
84 177
131 95
41 41
64 85
95 210
101 56
38 345
138 115
59 206
56 394
58 372
127 103
124 387
148 180
128 49
71 169
140 322
105 187
100 152
112 59
130 42
92 104
132 385
56 96
87 166
86 356
70 342
147 57
93 231
50 65
127 70
143 12
108 380
68 241
98 396
113 188
92 59
150 264
135 195
72 168
150 277
100 344
37 103
133 140
41 239
105 45
127 82
52 45
72 297
134 259
56 396
122 143
139 97
65 7
131 310
142 282
130 204
84 375
142 309
94 278
83 391
46 308
56 83
57 89
105 306
52 191
121 365
31 28
137 31
78 53
62 182
84 283
117 181
103 10
43 125
43 56
99 80
41 9
38 116
100 157
134 310
35 289
114 257
43 377
141 237
144 157
105 325
150 33
96 264
58 260
99 107
122 98
49 313
142 180
59 301
59 266
82 49
90 230
68 284
135 12
34 38
148 262
94 81
46 139
65 257
43 51
78 371
44 174
147 37
131 32
136 206
144 62
147 11
127 384
119 391
113 380
139 36
91 317
47 34
77 316
150 312
36 232
103 300
143 73
34 352
127 78
93 152
147 212
53 342
139 33
143 370
67 335
138 210
66 33
91 29
78 283
104 324
53 13
77 366
60 158
55 150
67 56
101 244
65 384
115 113
33 8
46 315
45 360
111 13
124 132
64 128
125 351
62 332
96 303
54 338
148 374
116 149
102 24
79 385
146 103
116 98
101 17
82 210
44 171
82 23
67 44
52 317
42 215
31 283
95 80
134 77
50 241
73 86
62 301
54 89
97 327
139 308
80 161
73 45
139 300
60 183
33 254
74 378
37 297
129 152
94 334
53 164
66 283
123 359
51 130
102 69
77 133
72 313
141 392
103 55
36 272
33 279
82 394
36 127
73 370
35 351
81 327
122 43
48 397
114 235
32 132
81 390
42 243
30 341
37 315
129 29
109 5
132 195
73 327
144 333
124 281
106 44
52 248
66 136
48 24
43 6
144 147
64 101
81 393
37 240
126 159
69 94
38 57
121 224
104 348
79 211
106 222
81 140
76 323
71 114
52 85
84 82
66 398
44 324
36 70
104 369
44 173
120 91
72 291
112 255
36 37
135 243
47 167
32 32
93 106
145 372
118 224
74 285
84 277
56 233
34 119
89 207
146 393
95 22
69 330
83 72
88 109
96 229
100 358
89 46
36 183
94 161
41 55
51 19
125 144
140 378
44 231
90 347
123 46
137 304
66 187
147 190
65 188
147 160
141 386
128 306
133 350
46 244
68 231
31 365
41 96
45 355
73 54
75 280
147 237
108 78
47 332
62 389
76 380
131 177
75 34
54 137
50 338
104 319
43 271
72 385
72 187
51 242
52 205
43 227
116 215
35 76
88 237
134 306
117 373
82 171
84 16
96 252
83 340
31 29
81 116
30 6
110 189
150 162
127 366
74 257
88 308
31 387
147 334
130 98
84 151
31 105
76 29
120 54
73 195
106 125
69 220
67 349
73 163
47 53
135 38
135 220
97 349
122 63
95 44
48 131
102 33
147 294
150 364
136 188
68 87
30 100
80 154
54 377
44 94
140 294
61 94
122 331
49 104
70 363
145 120
94 125
107 252
39 15
136 349
135 282
103 173
121 300
88 126
104 354
79 400
127 142
108 124
51 83
130 336
111 366
41 190
150 320
143 49
46 65
86 274
126 384
130 191
39 221
91 31
137 135
99 214
128 62
105 357
89 11
82 34
57 332
67 140
77 151
109 183
49 10
124 192
92 200
62 134
88 327
31 238
33 107
112 185
73 253
129 7
130 278
107 14
147 352
74 26
84 211
55 368
135 306
105 54
146 300
141 364
36 276
68 335
61 110
140 51
48 89
72 228
77 382
52 21
52 162
83 70
110 264
92 192
146 133
123 226
118 262
103 80
120 202
57 131
139 160
139 62
70 22
106 50
72 99
62 108
92 222
74 255
147 394
109 341
108 384
137 336
36 5
146 260
132 337
86 124
77 117
98 98
40 326
37 248
43 105
35 200
65 236
91 293
95 14
101 270
82 341
69 27
50 24
148 384
132 271
97 82
59 7
65 111
129 286
70 287
56 204
113 188
136 56
105 143
90 90
148 51
50 262
46 69
113 128
126 212
141 148
50 223
60 321
44 222
115 54
70 331
62 341
148 204
62 49
94 319
97 162
66 273
34 379
61 121
66 210
137 49
102 184
30 202
72 112
55 160
106 298
128 87
92 43
144 391
118 394
89 236
146 284
89 390
113 19
100 266
125 116
112 144
78 168
112 297
44 218
144 202
131 231
99 141
62 107
50 273
113 387
113 397
110 293
76 313
56 398
97 135
32 225
39 373
72 400
102 380
112 7
68 82
30 132
52 282
132 14
109 311
130 284
97 183
33 398
92 373
148 336
108 226
51 324
88 355
116 252
72 288
149 232
141 324
84 289
61 190
142 387
99 199
36 283
135 176
55 75
118 121
134 105
42 373
76 285
117 167
137 43
85 286
83 233
48 41
124 327
147 70
124 270
68 295
105 332
101 319
67 210
43 383
98 195
145 347
143 380
138 12
101 85
94 351
73 108
141 237
116 255
46 194
37 90
112 284
67 161
42 153
68 99
59 145
94 348
90 230
83 148
56 70
98 149
102 261
64 224
90 55
37 383
36 155
119 312
42 259
67 252
113 163
72 340
97 184
41 158
113 372
99 376
38 362
49 256
128 114
83 288
145 174
150 362
150 73
120 359
139 22
94 285
46 388
140 134
80 382
52 232
129 215
134 295
129 40
101 361
41 115
137 135
129 25
57 116
134 366
55 106
136 20
54 152
102 131
40 81
68 241
60 80
145 134
98 122
70 325
148 90
130 395
37 58
60 260
56 232
95 188
100 326
145 144
141 30
109 17
72 222
114 149
145 274
75 192
67 168
75 141
90 137
133 291
120 9
73 168
32 126
139 130
31 234
42 310
34 114
62 204
33 195
101 30
94 392
145 212
93 134
31 313
80 366
94 101
148 352
94 160
139 15
67 398
125 336
104 150
119 369
133 273
45 180
117 155
103 259
121 341
113 99
60 351
39 142
63 91
119 215
150 321
32 43
150 284
51 98
72 157
76 149
138 46
54 46
72 294
45 48
90 351
61 336
88 350
57 29
112 384
54 181
137 365
136 304
111 160
145 331
35 111
140 108
104 189
92 392
85 287
66 337
71 70
120 370
135 200
103 42
92 219
97 151
37 321
82 230
75 203
51 328
140 319
110 49
66 7
89 74
36 255
102 209
70 100
89 345
135 170
82 378
53 271
116 206
46 271
114 166
146 356
122 391
124 245
112 249
113 42
134 268
87 23
49 69
149 285
51 195
45 244
44 333
30 129
45 263
38 331
123 124
55 53
103 283
119 225
30 22
40 397
47 17
63 124
99 177
105 124
132 365
80 182
141 127
96 318
135 65
47 46
142 249
142 146
101 128
69 119
106 342
85 92
95 251
31 393
150 347
51 103
133 243
86 173
146 303
89 285
66 72
141 255
70 75
134 344
89 78
144 68
79 315
63 273
33 11
56 100
57 101
57 131
59 97
86 359
105 293
132 293
123 315
80 166
135 334
74 327
36 185
123 231
53 12
149 359
132 212
116 143
43 99
31 149
93 288
97 296
65 114
130 374
70 295
61 135
59 151
121 131
136 316
49 297
100 11
121 136
56 227
41 397
55 357
56 248
69 264
81 187
141 347
88 136
100 157
98 251
121 195
139 371
76 101
106 55
150 360
31 282
94 192
135 114
83 150
37 204
136 168
95 306
82 93
82 47
96 268
105 243
59 397
105 5
59 203
46 378
132 260
134 397
136 395
79 376
130 194
132 302
58 80
103 87
113 185
114 206
90 307
93 366
77 154
105 64
96 210
64 187
129 252
120 286
121 74
60 255
35 232
101 244
143 251
140 300
101 331
132 226
69 40
35 252
105 73
134 136
47 179
110 62
135 227
59 258
99 192
59 201
128 315
37 301
49 146
36 259
103 218
95 359
71 151
101 166
80 48
45 120
141 392
34 242
100 27
79 191
83 263
91 343
41 100
58 52
48 120
138 316
107 387
98 165
149 234
146 284
115 388
77 349
67 300
133 264
63 66
49 37
62 209
136 324
68 213
127 196
82 375
101 160
120 144
68 259
42 65
88 290
117 196
121 337
62 327
68 182
132 34
59 62
128 45
68 157
38 178
100 221
72 251
64 73
134 187
101 119
96 219
31 242
52 145
108 206
147 148
78 357
104 292
142 326
50 290
48 108
30 140
118 178
127 385
81 324
110 114
81 297
51 44
133 32
123 97
138 142
72 331
146 148
94 212
83 128
75 126
54 7
131 175
53 105
59 327
115 330
97 372
84 54
55 93
87 229
61 362
122 288
85 193
133 5
79 41
37 238
77 47
45 215
103 174
30 108
125 33
131 215
142 256
106 240
121 40
102 153
91 61
144 107
56 368
50 215
70 48
110 374
109 221
87 268
47 349
32 131
65 372
113 36
85 113
107 362
46 100
99 19
96 248
50 377
81 194
139 359
101 322
114 291
65 238
75 107
131 244
139 27
47 116
66 109
107 280
148 183
146 395
87 190
68 53
136 193
126 105
66 150
141 395
75 308
119 249
51 397
123 317
146 277
50 67
98 347
103 69
63 310
74 128
124 361
47 336
53 156
60 110
50 113
133 118
92 112
56 169
76 309
74 71
100 343
33 165
142 319
124 65
103 108
61 238
144 149
135 373
42 342
49 51
99 69
142 306
59 51
84 112
114 292
38 243
84 208
30 324
124 15
67 13
149 134
130 361
86 299
104 194
67 261
139 169
98 391
64 251
105 266
92 370
130 39
96 386
52 220
82 110
34 152
33 206
97 51
137 301
146 358
51 244
106 191
54 180
44 62
102 82
63 355
77 165
71 229
88 88
108 375
62 296
69 27
127 382
76 145
133 152
57 270
80 345
136 197
121 221
124 351
90 320
51 57
41 40
107 209
33 21
133 70
78 114
142 18
146 376
81 259
98 17
76 43
62 72
96 111
142 129
57 304
122 160
35 123
54 148
82 378
131 13
147 324
130 376
107 22
109 185
70 367
96 314
147 387
122 362
144 346
53 57
93 380
76 170
55 114
42 367
59 153
109 286
97 219
77 77
147 229
55 52
91 336
148 191
112 153
41 9
127 121
82 89
121 388
80 321
134 37
112 169
142 80
68 5
109 287
52 342
124 100
66 227
101 304
81 61
95 240
54 324
114 243
131 47
72 236
78 284
36 251
146 362
81 71
122 217
146 82
64 95
105 36
107 303
53 288
145 214
150 140
43 151
63 190
94 125
122 218
30 314
84 372
135 285
89 27
146 275
142 179
39 14
87 104
36 97
106 73
67 319
62 56
87 336
100 263
138 183
138 74
132 29
57 200
56 121
143 59
149 90
59 345
85 9
53 43
144 32
41 83
106 137
66 47
100 366
75 129
113 304
79 275
52 85
34 100
72 165
108 52
53 48
129 77
100 322
123 263
123 359
68 364
129 184
108 352
121 104
119 29
122 331
53 393
41 172
95 48
73 236
40 209
33 167
142 290
117 191
143 45
99 142
93 84
126 219
92 292
129 125
65 378
105 104
78 154
86 23
110 66
141 289
97 24
101 317
139 325
62 194
117 68
82 370
106 249
98 152
31 156
60 263
88 186
140 11
72 317
102 217
143 215
99 134
132 365
46 56
132 239
40 141
130 286
62 254
119 150
121 380
32 25
72 249
78 212
55 102
103 247
137 99
64 57
112 284
89 307
98 338
79 240
73 12
104 58
121 209
87 186
114 368
73 372
120 16
94 294
121 368
91 376
118 288
57 380
49 183
67 364
138 322
47 68
128 210
97 90
109 153
135 272
89 88
113 252
136 67
40 46
79 342
40 137
80 378
69 389
37 285
102 184
83 181
115 318
130 275
119 153
62 274
126 339
136 225
134 86
90 250
118 235
43 113
44 46
84 149
34 99
131 48
83 128
33 60
88 169
64 276
144 249
34 339
30 69
33 374
135 332
47 11
69 335
48 11
149 349
109 247
75 359
110 214
52 392
145 300
33 337
88 370
106 72
96 254
45 148
93 20
72 75
92 334
103 395
144 115
88 388
83 387
88 21
105 367
45 206
72 194
81 351
91 61
114 32
84 193
66 6
63 138
87 31
59 182
81 242
61 267
122 128
62 190
71 80
32 16
68 43
80 218
136 257
42 153
62 224
78 153
59 75
38 333
116 372
133 239
60 122
113 187
149 54
59 383
136 100
127 204
31 329
84 270
126 131
132 139
91 323
116 314
91 154
113 318
63 113
68 285
74 8
139 338
117 316
41 368
72 35
149 236
58 43
124 289
71 274
147 280
112 35
124 191
48 396
78 253
41 97
103 243
74 397
128 182
110 24
97 366
90 112
80 299
69 20
53 320
116 92
89 308
89 207
90 227
106 277
49 382
96 94
74 78
67 349
132 92
142 386
102 116
123 145
40 301
95 228
66 58
125 47
89 20
38 158
130 210
52 222
50 289
135 283
130 237
89 166
150 231
78 181
141 18
129 252
55 262
117 255
79 263
132 166
109 254
147 154
95 140
118 282
50 220
70 267
83 102
71 299
63 169
120 27
85 356
133 296
57 117
110 113
43 142
34 93
72 308
46 287
110 395
126 38
144 386
114 62
64 302
59 219
91 247
143 174
105 291
132 338
88 18
43 337
65 395
78 358
137 72
79 140
137 296
140 216
149 216
104 151
146 209
137 211
109 309
85 289
65 308
54 19
147 226
115 71
136 99
52 204
40 214
66 84
81 245
53 59
84 376
47 336
120 302
43 89
126 83
133 262
147 367
128 59
79 82
80 105
111 190
115 63
41 84
51 107
145 326
63 36
104 221
115 186
72 250
116 26
118 63
90 66
69 130
81 155
51 172
80 213
150 190
78 281
147 287
52 268
106 239
99 274
139 96
136 235
70 310
107 12
120 61
36 341
139 357
109 370
53 37
137 225
87 347
90 240
75 282
95 233
38 292
103 256
72 221
124 188
75 366
59 395
43 178
109 275
94 352
119 311
42 212
139 387
118 353
53 205
124 66
119 27
40 296
121 54
145 161
76 68
126 158
36 369
143 286
149 316
80 98
113 323
108 10
45 393
32 56
81 157
101 356
115 187
104 97
83 14
130 185
72 44
100 245
64 377
38 258
128 108
95 355
30 180
71 148
61 30
112 64
78 18
108 368
143 290
128 6
127 253
62 50
110 275
58 58
133 101
114 346
119 264
121 46
44 378
38 322
105 257
143 196
133 173
102 74
97 266
73 375
72 98
63 5
103 9
42 194
36 336
77 228
40 190
140 212
119 247
44 233
106 292
40 311
143 350
133 193
87 279
56 353
43 90
118 329
90 99
57 111
148 242
43 131
45 365
99 383
53 17
148 102
40 371
72 48
126 128
109 190
115 126
144 92
81 106
46 174
46 46
36 370
119 146
54 95
134 364
60 240
142 191
67 182
119 48
56 240
70 262
143 324
137 219
145 278
136 392
94 102
51 135
61 108
70 75
87 223
114 169
112 392
109 66
85 130
58 41
40 92
36 333
79 351
115 339
84 111
57 123
90 323
111 390
67 252
139 324
48 378
144 177
103 340
135 291
81 225
111 188
123 361
112 293
85 242
69 195
84 196
50 253
83 269
34 168
98 283
131 130
93 18
83 72
31 398
51 306
38 29
94 280
123 268
119 303
110 388
88 391
125 345
38 338
139 278
104 69
57 107
52 251
102 173
36 7
132 320
32 107
47 54
110 203
97 77
37 284
70 158
44 346
63 325
64 281
102 115
50 328
71 315
75 222
148 296
46 321
68 156
114 277
117 87
87 29
85 251
149 393
39 11
48 82
141 27
78 35
96 99
98 326
41 327
39 293
127 179
89 276
95 197
150 347
94 217
90 233
105 120
144 313
116 162
54 380
117 203
66 382
97 272
110 122
68 292
37 343
97 268
138 71
41 81
61 142
61 41
100 362
62 57
42 273
38 237
108 103
146 356
136 347
58 354
106 260
45 232
139 78
96 314
56 261
50 222
55 217
83 39
134 377
141 338
58 237
126 195
60 68
75 211
150 126
135 130
48 234
102 79
68 45
75 176
36 115
108 251
106 17
99 219
71 41
59 353
88 89
96 310
80 270
60 242
68 331
67 42
84 347
67 144
132 164
66 63
123 104
134 369
118 125
96 69
132 286
137 14
138 73
39 36
113 145
117 241
75 146
101 170
102 302
117 225
42 188
147 287
40 107
53 12
150 338
140 166
100 71
41 72
108 53
56 253
120 363
145 77
74 324
69 247
87 48
134 215
146 61
109 244
148 233
45 135
123 218
51 278
136 103
103 129
144 344
37 151
67 244
61 39
92 117
66 375
125 308
50 317
143 24
68 133
83 116
100 79
80 235
60 361
143 217
126 76
39 354
39 198
55 397
41 371
60 201
98 310
38 141
31 334
102 385
119 111
32 302
121 105
115 7
54 37
148 26
42 260
50 80
102 80
117 16
133 231
70 304
33 252
62 132
92 61
93 153
92 362
135 71
60 13
39 13
113 306
124 152
107 176
110 121
90 361
110 69
148 62
142 292
32 205
82 83
31 122
71 5
114 326
112 95
101 265
46 156
71 161
136 349
112 141
56 284
66 102
54 61
125 229
86 321
105 135
71 288
150 240
68 11
64 387
41 191
68 8
126 385
64 149
71 43
34 277
67 195
100 132
130 143
71 361
52 5
109 210
126 121
52 148
120 89
33 91
127 351
95 347
109 240
61 240
56 274
42 310
42 399
72 150
135 243
150 247
80 191
54 225
112 229
114 108
120 66
116 55
81 202
54 260
64 129
58 384
72 222
110 269
86 122
140 178
144 36
108 375
132 266
48 174
122 17
147 177
104 45
126 235
72 14
40 345
143 396
137 276
58 66
101 304
138 153
74 251
131 105
132 93
36 399
57 347
85 222
79 328
91 143
45 184
41 155
41 57
75 41
81 209
106 142
59 190
115 226
141 108
97 154
114 351
81 114
65 67
137 80
135 76
107 114
110 191
123 65
149 103
58 260
112 308
147 102
38 323
36 160
143 38
146 345
145 372
67 286
139 102
135 238
146 19
63 23
94 21
143 337
51 167
65 302
42 323
90 92
79 322
104 57
56 20
57 281
35 213
36 200
50 159
124 389
30 118
116 352
99 388
54 104
55 48
31 284
126 102
113 149
89 395
34 372
104 62
36 6
81 351
58 332
92 271
148 289
140 7
121 368
79 37
148 389
124 131
96 301
96 366
80 340
48 14
59 196
47 257
87 149
70 219
114 200
147 346
100 327
60 122
101 237
118 12
140 392
39 282
142 209
97 330
42 273
82 10
107 124
68 274
65 12
43 100
96 297
89 276
111 384
48 77
78 282
33 158
150 333
65 29
30 298
55 61
36 289
67 227
129 375
68 129
146 338
33 338
129 352
70 201
109 93
53 296
126 42
49 224
94 129
79 253
62 322
76 89
37 309
56 335
64 394
41 25
87 344
122 92
115 255
59 328
117 227
48 64
47 247
123 32
117 213
148 314
76 48
128 172
76 202
100 20
126 36
123 375
124 114
46 270
53 196
58 20
51 187
114 105
42 15
49 194
109 95
75 240
135 215
115 297
92 342
60 312
75 17
94 250
143 106
41 120
33 7
69 221
44 78
36 115
129 194
132 255
30 308
72 79
103 250
58 153
136 353
134 124
73 356
42 172
88 384
121 109
55 107
83 283
84 174
111 6
86 86
74 106
54 94
103 340
71 22
73 253
76 308
41 47
32 124
148 118
135 125
137 235
51 204
108 244
137 345
136 202
50 44
92 30
65 234
131 289
65 336
109 15
117 122
35 135
137 196
47 363
130 43
94 150
91 377
107 270
102 98
62 176
104 250
61 244
62 103
38 49
130 218
55 153
44 400
94 273
112 109
62 364
74 208
31 254
94 178
137 19
68 337
65 365
96 164
65 296
104 362
129 101
101 201
38 374
139 30
43 180
80 264
34 241
83 396
121 273
101 51
101 325
114 307
132 340
53 336
143 228
51 20
89 281
111 46
104 168
68 261
148 172
121 22
67 75
98 281
47 16
37 319
126 256
102 89
83 312
51 327
79 211
127 168
82 240
127 280
34 71
49 162
134 363
81 285
39 207
110 185
148 245
35 273
59 160
109 186
139 166
132 400
39 74
46 304
124 389
109 193
30 357
99 167
62 256
52 156
118 178
70 217
64 159
62 24
47 373
100 309
122 278
120 27
76 343
97 190
61 346
63 397
64 365
87 178
40 150
75 110
99 219
125 84
52 392
50 106
71 105
33 5
70 335
58 115
109 44
145 60
49 59
111 23
113 281
132 239
87 271
46 236
87 278
132 22
120 324
67 207
37 125
146 37
86 135
129 316
94 194
47 160
